[{"median_cv": 14.63, "block_pricing": ["{100: 49.99, 250: 49.99, 500: 59.99, 1: 69.99}", "{100: 19.99, 250: 19.99, 500: 29.99, 1: 39.99}", "{100: 49.99, 250: 89.99, 500: 99.99, 1: 119.99}", "{100: 49.99, 250: 49.99, 500: 69.99, 1: 99.99}"], "Lat": 29.952933, "Long": -90.04868, "cv_normalized": 0.3571428571}, {"median_cv": 14.63, "block_pricing": ["{100: 19.99, 250: 19.99, 500: 29.99, 1: 39.99}", "{100: 49.99, 250: 49.99, 500: 59.99, 1: 69.99}", "{100: 49.99, 250: 89.99, 500: 99.99, 1: 119.99}", "{100: 49.99, 250: 49.99, 500: 69.99, 1: 99.99}", "{100: 49.99, 250: 79.99, 500: 89.99, 1: 109.99}"], "Lat": 29.949972, "Long": -90.049643, "cv_normalized": 0.3571428571}, {"median_cv": 14.63, "block_pricing": ["{100: 49.99, 250: 49.99, 500: 59.99, 1: 69.99}", "{100: 19.99, 250: 19.99, 500: 29.99, 1: 39.99}", "{100: 49.99, 250: 62.49, 500: 72.49, 1: 92.49}", "{100: 49.99, 250: 89.99, 500: 99.99, 1: 119.99}"], "Lat": 29.952655, "Long": -90.0530175, "cv_normalized": 0.3571428571}, {"median_cv": 14.63, "block_pricing": ["{100: 49.99, 250: 49.99, 500: 59.99, 1: 69.99}", "{100: 19.99, 250: 19.99, 500: 29.99, 1: 39.99}", "{100: 49.99, 250: 89.99, 500: 99.99, 1: 119.99}", "{100: 49.99, 250: 62.49, 500: 72.49, 1: 92.49}"], "Lat": 29.9470195, "Long": -90.047649, "cv_normalized": 0.3571428571}, {"median_cv": 14.63, "block_pricing": ["{100: 49.99, 250: 49.99, 500: 59.99, 1: 69.99}", "{100: 19.99, 250: 19.99, 500: 29.99, 1: 39.99}", "{100: 49.99, 250: 89.99, 500: 99.99, 1: 119.99}", "{100: 49.99, 250: 54.99, 500: 64.99, 1: 84.99}"], "Lat": 29.946082, "Long": -90.052465, "cv_normalized": 0.3571428571}, {"median_cv": 14.63, "block_pricing": ["{100: 49.99, 250: 49.99, 500: 59.99, 1: 69.99}", "{100: 19.99, 250: 19.99, 500: 29.99, 1: 39.99}", "{100: 49.99, 250: 49.99, 500: 69.99, 1: 99.99}", "{100: 19.99, 250: 19.99, 500: 39.99, 1: 69.99}", "{100: 49.99, 250: 79.99, 500: 89.99, 1: 109.99}", "{100: 19.99, 250: 19.99, 500: 39.99, 1: 59.99}", "{100: 49.99, 250: 49.99, 500: 69.99, 1: 89.99}", "{100: 49.99, 250: 89.99, 500: 99.99, 1: 119.99}"], "Lat": 29.9436225, "Long": -90.04921, "cv_normalized": 0.3571428571}, {"median_cv": 14.63, "block_pricing": ["{100: 19.99, 250: 19.99, 500: 39.99, 1: 69.99}", "{100: 49.99, 250: 49.99, 500: 59.99, 1: 69.99}", "{100: 19.99, 250: 19.99, 500: 29.99, 1: 39.99}", "{100: 19.99, 250: 19.99, 500: 39.99, 1: 59.99}", "{100: 49.99, 250: 49.99, 500: 69.99, 1: 99.99}", "{100: 49.99, 250: 49.99, 500: 69.99, 1: 89.99}", "{100: 49.99, 250: 89.99, 500: 99.99, 1: 119.99}"], "Lat": 29.939614, "Long": -90.048537, "cv_normalized": 0.3571428571}, {"median_cv": 14.63, "block_pricing": ["{100: 19.99, 250: 19.99, 500: 29.99, 1: 39.99}", "{100: 49.99, 250: 49.99, 500: 69.99, 1: 99.99}", "{100: 19.99, 250: 19.99, 500: 39.99, 1: 69.99}", "{100: 49.99, 250: 49.99, 500: 59.99, 1: 69.99}", "{100: 49.99, 250: 49.99, 500: 69.99, 1: 89.99}", "{100: 19.99, 250: 19.99, 500: 39.99, 1: 59.99}", "{100: 49.99, 250: 89.99, 500: 99.99, 1: 119.99}"], "Lat": 29.9514715, "Long": -90.0420445, "cv_normalized": 0.3571428571}, {"median_cv": 14.63, "block_pricing": ["{100: 19.99, 250: 19.99, 500: 39.99, 1: 69.99}", "{100: 19.99, 250: 19.99, 500: 39.99, 1: 59.99}", "{100: 49.99, 250: 49.99, 500: 69.99, 1: 99.99}", "{100: 49.99, 250: 49.99, 500: 69.99, 1: 89.99}", "{100: 49.99, 250: 49.99, 500: 59.99, 1: 69.99}", "{100: 49.99, 250: 84.99, 500: 94.99, 1: 114.99}", "{100: 49.99, 250: 89.99, 500: 99.99, 1: 119.99}", "{100: 19.99, 250: 19.99, 500: 29.99, 1: 39.99}"], "Lat": 29.943957, "Long": -90.041953, "cv_normalized": 0.3571428571}, {"median_cv": 14.63, "block_pricing": ["{100: 19.99, 250: 19.99, 500: 39.99, 1: 69.99}", "{100: 19.99, 250: 19.99, 500: 39.99, 1: 59.99}", "{100: 49.99, 250: 49.99, 500: 69.99, 1: 99.99}", "{100: 19.99, 250: 19.99, 500: 29.99, 1: 39.99}", "{100: 49.99, 250: 89.99, 500: 99.99, 1: 119.99}", "{100: 49.99, 250: 49.99, 500: 59.99, 1: 69.99}", "{100: 49.99, 250: 49.99, 500: 69.99, 1: 89.99}", "{100: 49.99, 250: 89.99}"], "Lat": 29.93496, "Long": -90.040705, "cv_normalized": 0.3571428571}, {"median_cv": 14.63, "block_pricing": ["{100: 49.99, 250: 89.99, 500: 99.99, 1: 119.99}", "{100: 49.99, 250: 79.99, 500: 89.99, 1: 109.99}", "{100: 19.99, 250: 19.99, 500: 39.99, 1: 69.99}", "{100: 49.99, 250: 49.99, 500: 69.99, 1: 89.99}", "{100: 49.99, 250: 49.99, 500: 69.99, 1: 99.99}", "{100: 19.99, 250: 19.99, 500: 39.99, 1: 59.99}"], "Lat": 29.9300375, "Long": -90.0402335, "cv_normalized": 0.3571428571}, {"median_cv": 14.63, "block_pricing": ["{100: 49.99, 250: 49.99, 500: 59.99, 1: 69.99}", "{100: 19.99, 250: 19.99, 500: 39.99, 1: 69.99}", "{100: 49.99, 250: 49.99, 500: 69.99, 1: 99.99}", "{100: 19.99, 250: 19.99, 500: 39.99, 1: 59.99}", "{100: 49.99, 250: 89.99, 500: 99.99, 1: 119.99}", "{100: 49.99, 250: 49.99, 500: 69.99, 1: 89.99}"], "Lat": 29.9370725, "Long": -90.031879, "cv_normalized": 0.3571428571}, {"median_cv": 14.63, "block_pricing": ["{100: 19.99, 250: 19.99, 500: 39.99, 1: 69.99}", "{100: 19.99, 250: 19.99, 500: 29.99, 1: 39.99}", "{100: 49.99, 250: 49.99, 500: 59.99, 1: 69.99}", "{100: 19.99, 250: 19.99, 500: 39.99, 1: 59.99}", "{100: 49.99, 250: 49.99, 500: 69.99, 1: 99.99}", "{100: 49.99, 250: 89.99, 500: 99.99, 1: 119.99}", "{100: 49.99, 250: 49.99, 500: 69.99, 1: 89.99}"], "Lat": 29.936916, "Long": -90.033853, "cv_normalized": 0.3571428571}, {"median_cv": 25.61, "block_pricing": ["{100: 19.99, 250: 19.99, 500: 29.99, 1: 39.99}", "{100: 49.99, 250: 49.99, 500: 59.99, 1: 69.99}", "{100: 49.99, 250: 49.99, 500: 69.99, 1: 99.99}", "{100: 49.99, 250: 89.99, 500: 99.99, 1: 119.99}", "{100: 19.99, 250: 19.99, 500: 39.99, 1: 59.99}", "{100: 49.99, 250: 79.99, 500: 89.99, 1: 109.99}", "{100: 19.99, 250: 19.99, 500: 39.99, 1: 69.99}"], "Lat": 29.9416145, "Long": -90.036657, "cv_normalized": 1.0}, {"median_cv": 14.63, "block_pricing": ["{100: 19.99, 250: 19.99, 500: 39.99, 1: 69.99}", "{100: 49.99, 250: 49.99, 500: 69.99, 1: 99.99}", "{100: 19.99, 250: 19.99, 500: 39.99, 1: 59.99}"], "Lat": 29.930109, "Long": -90.023209, "cv_normalized": 0.3571428571}, {"median_cv": 14.63, "block_pricing": ["{100: 49.99, 250: 49.99, 500: 69.99, 1: 99.99}", "{100: 19.99, 250: 19.99, 500: 39.99, 1: 69.99}", "{100: 19.99, 250: 19.99, 500: 39.99, 1: 59.99}", "{100: 49.99, 250: 49.99, 500: 69.99, 1: 89.99}"], "Lat": 29.9329685, "Long": -90.023325, "cv_normalized": 0.3571428571}, {"median_cv": 14.63, "block_pricing": ["{100: 19.99, 250: 19.99, 500: 39.99, 1: 69.99}", "{100: 49.99, 250: 49.99, 500: 69.99, 1: 99.99}", "{100: 19.99, 250: 19.99, 500: 39.99, 1: 59.99}", "{100: 49.99, 250: 49.99, 500: 69.99, 1: 89.99}", "{100: 49.99, 250: 89.99, 500: 99.99, 1: 119.99}", "{100: 49.99, 250: 62.49, 500: 72.49, 1: 92.49}", "{100: 49.99, 250: 89.99, 500: 99.99, 1: 119.99, 2: 149.99}"], "Lat": 29.937927, "Long": -90.022414, "cv_normalized": 0.3571428571}, {"median_cv": 10.24, "block_pricing": ["{100: 49.99, 250: 49.99, 500: 69.99, 1: 99.99}", "{100: 19.99, 250: 19.99, 500: 39.99, 1: 69.99}", "{100: 49.99, 250: 89.99, 500: 99.99, 1: 119.99}", "{100: 49.99, 250: 49.99, 500: 69.99, 1: 89.99}", "{100: 19.99, 250: 19.99, 500: 39.99, 1: 59.99}"], "Lat": 29.9317465, "Long": -90.0170615, "cv_normalized": 0.100117096}, {"median_cv": 11.38, "block_pricing": ["{100: 49.99, 250: 49.99, 500: 69.99, 1: 99.99}", "{100: 19.99, 250: 19.99, 500: 39.99, 1: 69.99}", "{100: 19.99, 250: 19.99, 500: 39.99, 1: 59.99}", "{100: 49.99, 250: 49.99, 500: 69.99, 1: 89.99}", "{100: 49.99, 250: 89.99, 500: 99.99, 1: 119.99}", "{100: 49.99, 250: 49.99, 500: 59.99, 1: 69.99}"], "Lat": 29.935352, "Long": -90.025118, "cv_normalized": 0.1668618267}, {"median_cv": 11.38, "block_pricing": ["{100: 49.99, 250: 49.99, 500: 69.99, 1: 99.99}", "{100: 19.99, 250: 19.99, 500: 39.99, 1: 59.99}", "{100: 19.99, 250: 19.99, 500: 39.99, 1: 69.99}", "{100: 49.99, 250: 49.99, 500: 69.99, 1: 89.99}"], "Lat": 29.941318, "Long": -90.018798, "cv_normalized": 0.1668618267}, {"median_cv": 14.63, "block_pricing": ["{100: 19.99, 250: 19.99, 500: 39.99, 1: 59.99}", "{100: 19.99, 250: 19.99, 500: 39.99, 1: 69.99}", "{100: 49.99, 250: 49.99, 500: 69.99, 1: 99.99}", "{100: 49.99, 250: 49.99, 500: 69.99, 1: 89.99}"], "Lat": 29.943996, "Long": -90.024617, "cv_normalized": 0.3571428571}, {"median_cv": 10.24, "block_pricing": ["{100: 49.99, 250: 49.99, 500: 69.99, 1: 99.99}", "{100: 19.99, 250: 19.99, 500: 39.99, 1: 69.99}"], "Lat": 29.946153, "Long": -90.038381, "cv_normalized": 0.100117096}, {"median_cv": 10.24, "block_pricing": ["{100: 19.99, 250: 19.99, 500: 39.99, 1: 69.99}", "{100: 49.99, 250: 49.99, 500: 69.99, 1: 99.99}", "{100: 49.99, 250: 49.99, 500: 69.99, 1: 89.99}", "{100: 49.99, 250: 49.99, 500: 59.99, 1: 69.99}", "{100: 49.99, 250: 89.99, 500: 99.99, 1: 119.99, 2: 149.99}"], "Lat": 29.935696, "Long": -90.005632, "cv_normalized": 0.100117096}, {"median_cv": 14.63, "block_pricing": ["{100: 49.99, 250: 49.99, 500: 59.99, 1: 69.99}", "{100: 49.99, 250: 49.99, 500: 69.99, 1: 99.99}", "{100: 19.99, 250: 19.99, 500: 29.99, 1: 39.99}", "{100: 49.99, 250: 89.99, 500: 99.99, 1: 119.99}", "{100: 49.99, 250: 49.99, 500: 69.99, 1: 89.99}", "{100: 19.99, 250: 19.99, 500: 39.99, 1: 69.99}"], "Lat": 29.926636, "Long": -90.0081895, "cv_normalized": 0.3571428571}, {"median_cv": 14.63, "block_pricing": ["{100: 49.99, 250: 49.99, 500: 59.99, 1: 69.99}", "{100: 49.99, 250: 49.99, 500: 69.99, 1: 99.99}", "{100: 49.99, 250: 49.99, 500: 69.99, 1: 89.99}", "{100: 19.99, 250: 19.99, 500: 29.99, 1: 39.99}"], "Lat": 29.932257, "Long": -90.011136, "cv_normalized": 0.3571428571}, {"median_cv": 14.63, "block_pricing": ["{100: 49.99, 250: 49.99, 500: 59.99, 1: 69.99}", "{100: 19.99, 250: 19.99, 500: 29.99, 1: 39.99}", "{100: 49.99, 250: 89.99, 500: 99.99, 1: 119.99}", "{100: 49.99, 250: 62.49, 500: 72.49, 1: 92.49}", "{100: 49.99, 250: 72.49, 500: 82.49, 1: 102.49}", "{100: 49.99, 250: 49.99, 500: 69.99, 1: 99.99}"], "Lat": 29.9230545, "Long": -89.9891065, "cv_normalized": 0.3571428571}, {"median_cv": 14.63, "block_pricing": ["{100: 49.99, 250: 49.99, 500: 59.99, 1: 69.99}", "{100: 49.99, 250: 49.99, 500: 69.99, 1: 99.99}", "{100: 19.99, 250: 19.99, 500: 29.99, 1: 39.99}", "{100: 49.99, 250: 84.99, 500: 94.99, 1: 114.99}", "{100: 19.99, 250: 19.99, 500: 39.99, 1: 69.99}", "{100: 49.99, 250: 49.99, 500: 69.99, 1: 89.99}", "{100: 49.99, 250: 72.49, 500: 82.49, 1: 102.49}", "{100: 49.99, 250: 89.99, 500: 99.99, 1: 119.99}", "{100: 49.99, 250: 62.49, 500: 72.49, 1: 92.49}"], "Lat": 29.9252315, "Long": -89.994915, "cv_normalized": 0.3571428571}, {"median_cv": 14.63, "block_pricing": ["{100: 49.99, 250: 49.99, 500: 69.99, 1: 99.99}", "{100: 49.99, 250: 49.99, 500: 59.99, 1: 69.99}", "{100: 19.99, 250: 19.99, 500: 29.99, 1: 39.99}", "{100: 19.99, 250: 19.99, 500: 39.99, 1: 69.99}", "{100: 49.99, 250: 49.99, 500: 69.99, 1: 89.99}", "{100: 19.99, 250: 19.99, 500: 39.99, 1: 59.99}", "{100: 49.99, 250: 77.49, 500: 87.49, 1: 107.49}", "{100: 49.99, 250: 89.99, 500: 99.99, 1: 119.99}", "{100: 49.99, 250: 82.49, 500: 92.49, 1: 112.49}", "{100: 49.99, 250: 62.49, 500: 72.49, 1: 92.49}"], "Lat": 29.927709, "Long": -90.001004, "cv_normalized": 0.3571428571}, {"median_cv": 11.38, "block_pricing": ["{100: 49.99, 250: 49.99, 500: 69.99, 1: 99.99}", "{100: 19.99, 250: 19.99, 500: 39.99, 1: 69.99}", "{100: 49.99, 250: 49.99, 500: 69.99, 1: 89.99}", "{100: 49.99, 250: 89.99, 500: 99.99, 1: 119.99}", "{100: 19.99, 250: 19.99, 500: 39.99, 1: 59.99}"], "Lat": 29.919775, "Long": -89.981083, "cv_normalized": 0.1668618267}, {"median_cv": 14.63, "block_pricing": ["{100: 19.99, 250: 19.99, 500: 39.99, 1: 69.99}", "{100: 49.99, 250: 49.99, 500: 69.99, 1: 99.99}", "{100: 49.99, 250: 49.99, 500: 69.99, 1: 89.99}", "{100: 49.99, 250: 89.99, 500: 99.99, 1: 119.99}", "{100: 19.99, 250: 19.99, 500: 39.99, 1: 59.99}", "{100: 49.99, 250: 62.49, 500: 72.49, 1: 92.49}"], "Lat": 29.914955, "Long": -89.982241, "cv_normalized": 0.3571428571}, {"median_cv": 14.63, "block_pricing": ["{100: 49.99, 250: 49.99, 500: 59.99, 1: 69.99}", "{100: 49.99, 250: 49.99, 500: 69.99, 1: 99.99}", "{100: 49.99, 250: 89.99, 500: 99.99, 1: 119.99}", "{100: 49.99, 250: 49.99, 500: 69.99, 1: 89.99}", "{100: 19.99, 250: 19.99, 500: 29.99, 1: 39.99}", "{100: 19.99, 250: 19.99, 500: 39.99, 1: 59.99}", "{100: 19.99, 250: 19.99, 500: 39.99, 1: 69.99}", "{100: 49.99, 250: 79.99, 500: 89.99, 1: 109.99}", "{100: 49.99, 250: 62.49, 500: 72.49, 1: 92.49}"], "Lat": 29.906989, "Long": -89.950863, "cv_normalized": 0.3571428571}, {"median_cv": 10.24, "block_pricing": ["{100: 49.99, 250: 49.99, 500: 69.99, 1: 99.99}", "{100: 19.99, 250: 19.99, 500: 39.99, 1: 69.99}", "{100: 49.99, 250: 89.99, 500: 99.99, 1: 119.99}", "{100: 49.99, 250: 49.99, 500: 59.99, 1: 69.99}", "{100: 49.99, 250: 62.49, 500: 72.49, 1: 92.49}", "{100: 49.99, 250: 49.99, 500: 69.99, 1: 89.99}", "{100: 19.99, 250: 19.99, 500: 29.99, 1: 39.99}", "{100: 49.99, 250: 79.99, 500: 89.99, 1: 109.99}", "{100: 19.99, 250: 19.99, 500: 39.99, 1: 59.99}", "{100: 49.99, 250: 72.49, 500: 82.49, 1: 102.49}"], "Lat": 29.918884, "Long": -90.003934, "cv_normalized": 0.100117096}, {"median_cv": 14.63, "block_pricing": ["{100: 49.99, 250: 49.99, 500: 59.99, 1: 69.99}", "{100: 19.99, 250: 19.99, 500: 29.99, 1: 39.99}", "{100: 49.99, 250: 79.99, 500: 89.99, 1: 109.99}", "{100: 49.99, 250: 89.99, 500: 99.99, 1: 119.99}", "{100: 49.99, 250: 49.99, 500: 69.99, 1: 99.99}"], "Lat": 29.916751, "Long": -89.989231, "cv_normalized": 0.3571428571}, {"median_cv": 14.63, "block_pricing": ["{100: 19.99, 250: 19.99, 500: 29.99, 1: 39.99}", "{100: 49.99, 250: 49.99, 500: 59.99, 1: 69.99}", "{100: 49.99, 250: 0, 500: 20, 1: 40}", "{100: 49.99, 250: 89.99, 500: 99.99, 1: 119.99}"], "Lat": 29.912299, "Long": -89.9921305, "cv_normalized": 0.3571428571}, {"median_cv": 14.63, "block_pricing": ["{100: 49.99, 250: 49.99, 500: 59.99, 1: 69.99}", "{100: 49.99, 250: 49.99, 500: 69.99, 1: 99.99}", "{100: 49.99, 250: 49.99, 500: 69.99, 1: 89.99}", "{100: 19.99, 250: 19.99, 500: 29.99, 1: 39.99}", "{100: 19.99, 250: 19.99, 500: 39.99, 1: 69.99}", "{100: 49.99, 250: 89.99, 500: 99.99, 1: 119.99}"], "Lat": 29.917197, "Long": -89.997337, "cv_normalized": 0.3571428571}, {"median_cv": 14.63, "block_pricing": ["{100: 19.99, 250: 19.99, 500: 39.99, 1: 69.99}", "{100: 49.99, 250: 49.99, 500: 69.99, 1: 99.99}", "{100: 19.99, 250: 19.99, 500: 39.99, 1: 59.99}"], "Lat": 29.90551, "Long": -89.990048, "cv_normalized": 0.3571428571}, {"median_cv": 14.63, "block_pricing": ["{100: 49.99, 250: 49.99, 500: 59.99, 1: 69.99}", "{100: 49.99, 250: 49.99, 500: 69.99, 1: 99.99}", "{100: 49.99, 250: 89.99, 500: 99.99, 1: 119.99}", "{100: 19.99, 250: 19.99, 500: 39.99, 1: 69.99}", "{100: 19.99, 250: 19.99, 500: 29.99, 1: 39.99}", "{100: 49.99, 250: 89.99, 500: 99.99, 1: 119.99, 2: 149.99}", "{100: 49.99, 250: 74.99, 500: 84.99, 1: 104.99}"], "Lat": 29.8986805, "Long": -89.9984295, "cv_normalized": 0.3571428571}, {"median_cv": 10.24, "block_pricing": ["{100: 49.99, 250: 49.99, 500: 69.99, 1: 99.99}", "{100: 19.99, 250: 19.99, 500: 39.99, 1: 69.99}", "{100: 49.99, 250: 49.99, 500: 69.99, 1: 89.99}", "{100: 49.99, 250: 89.99, 500: 99.99, 1: 119.99}", "{100: 19.99, 250: 19.99, 500: 39.99, 1: 59.99}"], "Lat": 29.901985, "Long": -89.994027, "cv_normalized": 0.100117096}, {"median_cv": 14.63, "block_pricing": ["{100: 49.99, 250: 49.99, 500: 59.99, 1: 69.99}", "{100: 19.99, 250: 19.99, 500: 29.99, 1: 39.99}", "{100: 49.99, 250: 89.99, 500: 99.99, 1: 119.99}", "{100: 49.99, 250: 79.99, 500: 89.99, 1: 109.99}"], "Lat": 29.9125045, "Long": -90.00973, "cv_normalized": 0.3571428571}, {"median_cv": 14.63, "block_pricing": ["{100: 49.99, 250: 49.99, 500: 59.99, 1: 69.99}", "{100: 19.99, 250: 19.99, 500: 39.99, 1: 69.99}", "{100: 49.99, 250: 49.99, 500: 69.99, 1: 99.99}", "{100: 19.99, 250: 19.99, 500: 29.99, 1: 39.99}", "{100: 49.99, 250: 89.99, 500: 99.99, 1: 119.99}", "{100: 49.99, 250: 49.99, 500: 69.99, 1: 89.99}", "{100: 49.99, 250: 62.49, 500: 72.49, 1: 92.49}", "{100: 49.99, 250: 79.99, 500: 89.99, 1: 109.99}"], "Lat": 29.9047965, "Long": -89.9973925, "cv_normalized": 0.3571428571}, {"median_cv": 14.63, "block_pricing": ["{100: 49.99, 250: 49.99, 500: 59.99, 1: 69.99}", "{100: 19.99, 250: 19.99, 500: 29.99, 1: 39.99}", "{100: 49.99, 250: 89.99, 500: 99.99, 1: 119.99}", "{100: 49.99, 250: 79.99, 500: 89.99, 1: 109.99}", "{100: 49.99, 250: 49.99, 500: 69.99, 1: 99.99}"], "Lat": 29.925252, "Long": -90.0316205, "cv_normalized": 0.3571428571}, {"median_cv": 10.24, "block_pricing": ["{100: 19.99, 250: 19.99, 500: 39.99, 1: 69.99}", "{100: 49.99, 250: 49.99, 500: 69.99, 1: 99.99}", "{100: 49.99, 250: 49.99, 500: 59.99, 1: 69.99}", "{100: 49.99, 250: 49.99, 500: 69.99, 1: 89.99}", "{100: 19.99, 250: 19.99, 500: 39.99, 1: 59.99}", "{100: 49.99, 250: 79.99, 500: 89.99, 1: 109.99}", "{100: 49.99, 250: 89.99, 500: 99.99, 1: 119.99}", "{100: 19.99, 250: 19.99, 500: 29.99, 1: 39.99}"], "Lat": 29.922021, "Long": -90.0253145, "cv_normalized": 0.100117096}, {"median_cv": 10.24, "block_pricing": ["{100: 49.99, 250: 49.99, 500: 69.99, 1: 99.99}"], "Lat": 29.924246, "Long": -90.021868, "cv_normalized": 0.100117096}, {"median_cv": 12.435, "block_pricing": ["{100: 19.99, 250: 19.99, 500: 39.99, 1: 69.99}", "{100: 49.99, 250: 49.99, 500: 69.99, 1: 99.99}"], "Lat": 29.9174195, "Long": -90.0220185, "cv_normalized": 0.2286299766}, {"median_cv": 14.63, "block_pricing": ["{100: 19.99, 250: 19.99, 500: 39.99, 1: 69.99}", "{100: 49.99, 250: 49.99, 500: 69.99, 1: 99.99}"], "Lat": 29.9722965, "Long": -90.0193445, "cv_normalized": 0.3571428571}, {"median_cv": 14.63, "block_pricing": ["{100: 49.99, 250: 49.99, 500: 69.99, 1: 99.99}", "{100: 19.99, 250: 19.99, 500: 39.99, 1: 59.99}", "{100: 19.99, 250: 19.99, 500: 39.99, 1: 69.99}", "{100: 49.99, 250: 49.99, 500: 69.99, 1: 89.99}"], "Lat": 29.965756, "Long": -90.0219435, "cv_normalized": 0.3571428571}, {"median_cv": 11.38, "block_pricing": ["{100: 49.99, 250: 49.99, 500: 69.99, 1: 99.99}", "{100: 19.99, 250: 19.99, 500: 39.99, 1: 69.99}", "{100: 49.99, 250: 49.99, 500: 69.99, 1: 89.99}", "{100: 19.99, 250: 19.99, 500: 39.99, 1: 59.99}", "{100: 49.99, 250: 82.49, 500: 92.49, 1: 112.49}", "{100: 49.99, 250: 89.99, 500: 99.99, 1: 119.99}", "{100: 49.99, 250: 79.99, 500: 89.99, 1: 109.99}"], "Lat": 29.95585, "Long": -90.0192665, "cv_normalized": 0.1668618267}, {"median_cv": 11.38, "block_pricing": ["{100: 49.99, 250: 49.99, 500: 69.99, 1: 89.99}", "{100: 49.99, 250: 49.99, 500: 69.99, 1: 99.99}", "{100: 19.99, 250: 19.99, 500: 39.99, 1: 69.99}", "{100: 19.99, 250: 19.99, 500: 39.99, 1: 59.99}", "{100: 49.99, 250: 89.99, 500: 99.99, 1: 119.99}"], "Lat": 29.956878, "Long": -90.011245, "cv_normalized": 0.1668618267}, {"median_cv": 14.63, "block_pricing": ["{100: 19.99, 250: 19.99, 500: 39.99, 1: 69.99}", "{100: 49.99, 250: 49.99, 500: 69.99, 1: 99.99}", "{100: 49.99, 250: 49.99, 500: 69.99, 1: 89.99}", "{100: 19.99, 250: 19.99, 500: 39.99, 1: 59.99}"], "Lat": 29.960657, "Long": -90.0229915, "cv_normalized": 0.3571428571}, {"median_cv": 14.63, "block_pricing": ["{100: 49.99, 250: 49.99, 500: 69.99, 1: 99.99}", "{100: 19.99, 250: 19.99, 500: 39.99, 1: 69.99}", "{100: 19.99, 250: 19.99, 500: 39.99, 1: 59.99}", "{100: 49.99, 250: 49.99, 500: 69.99, 1: 89.99}", "{100: 49.99, 250: 89.99, 500: 99.99, 1: 119.99}", "{100: 49.99, 250: 84.99, 500: 94.99, 1: 114.99}"], "Lat": 29.95866, "Long": -90.018146, "cv_normalized": 0.3571428571}, {"median_cv": 13.005, "block_pricing": ["{100: 19.99, 250: 19.99, 500: 39.99, 1: 69.99}", "{100: 49.99, 250: 49.99, 500: 69.99, 1: 99.99}", "{100: 19.99, 250: 19.99, 500: 39.99, 1: 59.99}", "{100: 49.99, 250: 49.99, 500: 69.99, 1: 89.99}"], "Lat": 29.969853, "Long": -90.005041, "cv_normalized": 0.2620023419}, {"median_cv": 13.005, "block_pricing": ["{100: 19.99, 250: 19.99, 500: 39.99, 1: 69.99}", "{100: 19.99, 250: 19.99, 500: 39.99, 1: 59.99}", "{100: 49.99, 250: 49.99, 500: 69.99, 1: 99.99}", "{100: 49.99, 250: 49.99, 500: 69.99, 1: 89.99}", "{100: 49.99, 250: 89.99, 500: 99.99, 1: 119.99}"], "Lat": 29.9630745, "Long": -90.007828, "cv_normalized": 0.2620023419}, {"median_cv": 14.63, "block_pricing": ["{100: 49.99, 250: 49.99, 500: 69.99, 1: 99.99}", "{100: 19.99, 250: 19.99, 500: 39.99, 1: 69.99}"], "Lat": 29.9730345, "Long": -90.0108295, "cv_normalized": 0.3571428571}, {"median_cv": 14.63, "block_pricing": ["{100: 49.99, 250: 49.99, 500: 69.99, 1: 99.99}", "{100: 19.99, 250: 19.99, 500: 39.99, 1: 69.99}", "{100: 49.99, 250: 49.99, 500: 69.99, 1: 89.99}", "{100: 19.99, 250: 19.99, 500: 39.99, 1: 59.99}"], "Lat": 29.975193, "Long": -90.008229, "cv_normalized": 0.3571428571}, {"median_cv": 14.63, "block_pricing": ["{100: 19.99, 250: 19.99, 500: 39.99, 1: 69.99}", "{100: 19.99, 250: 19.99, 500: 39.99, 1: 59.99}", "{100: 49.99, 250: 49.99, 500: 69.99, 1: 89.99}", "{100: 49.99, 250: 62.49, 500: 72.49, 1: 92.49}"], "Lat": 29.96778, "Long": -90.0092315, "cv_normalized": 0.3571428571}, {"median_cv": 14.63, "block_pricing": ["{100: 19.99, 250: 19.99, 500: 39.99, 1: 69.99}", "{100: 49.99, 250: 49.99, 500: 69.99, 1: 89.99}", "{100: 49.99, 250: 49.99, 500: 69.99, 1: 99.99}", "{100: 19.99, 250: 19.99, 500: 39.99, 1: 59.99}", "{100: 49.99, 250: 89.99, 500: 99.99, 1: 119.99}"], "Lat": 29.9688565, "Long": -90.0160075, "cv_normalized": 0.3571428571}, {"median_cv": 14.63, "block_pricing": ["{100: 19.99, 250: 19.99, 500: 39.99, 1: 69.99}", "{100: 19.99, 250: 19.99, 500: 39.99, 1: 59.99}", "{100: 49.99, 250: 49.99, 500: 69.99, 1: 89.99}", "{100: 49.99, 250: 49.99, 500: 69.99, 1: 99.99}", "{100: 49.99, 250: 89.99, 500: 99.99, 1: 119.99}"], "Lat": 29.9633195, "Long": -90.013486, "cv_normalized": 0.3571428571}, {"median_cv": 14.63, "block_pricing": ["{100: 19.99, 250: 19.99, 500: 39.99, 1: 69.99}", "{100: 19.99, 250: 19.99, 500: 39.99, 1: 59.99}", "{100: 49.99, 250: 49.99, 500: 69.99, 1: 89.99}", "{100: 49.99, 250: 74.99, 500: 84.99, 1: 104.99}", "{100: 49.99, 250: 49.99, 500: 69.99, 1: 99.99}", "{100: 49.99, 250: 89.99, 500: 99.99, 1: 119.99}", "{100: 49.99, 250: 62.49, 500: 72.49, 1: 92.49}", "{100: 19.99, 250: 19.99, 500: 29.99, 1: 39.99}"], "Lat": 29.964263, "Long": -90.018542, "cv_normalized": 0.3571428571}, {"median_cv": 14.63, "block_pricing": ["{100: 19.99, 250: 19.99, 500: 39.99, 1: 69.99}", "{100: 19.99, 250: 19.99, 500: 39.99, 1: 59.99}", "{100: 49.99, 250: 49.99, 500: 69.99, 1: 99.99}", "{100: 49.99, 250: 49.99, 500: 69.99, 1: 89.99}", "{100: 49.99, 250: 89.99, 500: 99.99, 1: 119.99, 2: 149.99}", "{100: 49.99, 250: 89.99, 500: 99.99, 1: 119.99}"], "Lat": 29.9683315, "Long": -90.030343, "cv_normalized": 0.3571428571}, {"median_cv": 10.24, "block_pricing": ["{100: 49.99, 250: 49.99, 500: 69.99, 1: 99.99}", "{100: 19.99, 250: 19.99, 500: 39.99, 1: 69.99}", "{100: 49.99, 250: 49.99, 500: 69.99, 1: 89.99}", "{100: 49.99, 250: 89.99, 500: 99.99, 1: 119.99}"], "Lat": 29.962322, "Long": -90.036528, "cv_normalized": 0.100117096}, {"median_cv": 10.24, "block_pricing": ["{100: 49.99, 250: 49.99, 500: 69.99, 1: 99.99}", "{100: 19.99, 250: 19.99, 500: 29.99, 1: 39.99}", "{100: 49.99, 250: 49.99, 500: 59.99, 1: 69.99}", "{100: 49.99, 250: 49.99, 500: 69.99, 1: 89.99}", "{100: 19.99, 250: 19.99, 500: 39.99, 1: 69.99}", "{100: 19.99, 250: 19.99, 500: 39.99, 1: 59.99}", "{100: 49.99, 250: 89.99, 500: 99.99, 1: 119.99}"], "Lat": 29.963286, "Long": -90.041715, "cv_normalized": 0.100117096}, {"median_cv": 10.24, "block_pricing": ["{100: 19.99, 250: 19.99, 500: 39.99, 1: 69.99}", "{100: 49.99, 250: 49.99, 500: 69.99, 1: 99.99}", "{100: 49.99, 250: 49.99, 500: 69.99, 1: 89.99}", "{100: 49.99, 250: 89.99, 500: 99.99, 1: 119.99}", "{100: 19.99, 250: 19.99, 500: 39.99, 1: 59.99}"], "Lat": 29.964967, "Long": -90.045216, "cv_normalized": 0.100117096}, {"median_cv": 14.63, "block_pricing": ["{100: 49.99, 250: 89.99, 500: 99.99, 1: 119.99}", "{100: 49.99, 250: 49.99, 500: 59.99, 1: 69.99}", "{100: 19.99, 250: 19.99, 500: 29.99, 1: 39.99}"], "Lat": 29.966655, "Long": -90.0495775, "cv_normalized": 0.3571428571}, {"median_cv": 11.38, "block_pricing": ["{100: 49.99, 250: 49.99, 500: 69.99, 1: 89.99}", "{100: 49.99, 250: 49.99, 500: 69.99, 1: 99.99}", "{100: 19.99, 250: 19.99, 500: 29.99, 1: 39.99}", "{100: 19.99, 250: 19.99, 500: 39.99, 1: 59.99}", "{100: 19.99, 250: 19.99, 500: 39.99, 1: 69.99}", "{100: 49.99, 250: 89.99, 500: 99.99, 1: 119.99}"], "Lat": 29.970548, "Long": -90.038683, "cv_normalized": 0.1668618267}, {"median_cv": 10.24, "block_pricing": ["{100: 49.99, 250: 49.99, 500: 69.99, 1: 99.99}", "{100: 49.99, 250: 49.99, 500: 69.99, 1: 89.99}", "{100: 49.99, 250: 89.99, 500: 99.99, 1: 119.99}", "{100: 19.99, 250: 19.99, 500: 39.99, 1: 69.99}"], "Lat": 29.96567, "Long": -90.041453, "cv_normalized": 0.100117096}, {"median_cv": 14.63, "block_pricing": ["{100: 19.99, 250: 19.99, 500: 39.99, 1: 69.99}", "{100: 49.99, 250: 49.99, 500: 69.99, 1: 99.99}", "{100: 49.99, 250: 49.99, 500: 69.99, 1: 89.99}", "{100: 49.99, 250: 89.99, 500: 99.99, 1: 119.99}", "{100: 19.99, 250: 19.99, 500: 39.99, 1: 59.99}", "{100: 49.99, 250: 62.49, 500: 72.49, 1: 92.49}"], "Lat": 29.970687, "Long": -90.042481, "cv_normalized": 0.3571428571}, {"median_cv": 14.63, "block_pricing": ["{100: 19.99, 250: 19.99, 500: 39.99, 1: 69.99}", "{100: 49.99, 250: 49.99, 500: 69.99, 1: 89.99}", "{100: 19.99, 250: 19.99, 500: 39.99, 1: 59.99}", "{100: 49.99, 250: 49.99, 500: 69.99, 1: 99.99}", "{100: 49.99, 250: 89.99, 500: 99.99, 1: 119.99}"], "Lat": 29.9694175, "Long": -90.033964, "cv_normalized": 0.3571428571}, {"median_cv": 14.63, "block_pricing": ["{100: 49.99, 250: 49.99, 500: 69.99, 1: 89.99}", "{100: 19.99, 250: 19.99, 500: 39.99, 1: 69.99}", "{100: 49.99, 250: 49.99, 500: 69.99, 1: 99.99}", "{100: 19.99, 250: 19.99, 500: 39.99, 1: 59.99}", "{100: 49.99, 250: 89.99, 500: 99.99, 1: 119.99}"], "Lat": 29.979334, "Long": -90.03693, "cv_normalized": 0.3571428571}, {"median_cv": 14.63, "block_pricing": ["{100: 49.99, 250: 49.99, 500: 69.99, 1: 99.99}", "{100: 19.99, 250: 19.99, 500: 39.99, 1: 69.99}", "{100: 49.99, 250: 89.99, 500: 99.99, 1: 119.99}", "{100: 19.99, 250: 19.99, 500: 39.99, 1: 59.99}"], "Lat": 29.9739565, "Long": -90.0325475, "cv_normalized": 0.3571428571}, {"median_cv": 14.63, "block_pricing": ["{100: 19.99, 250: 19.99, 500: 39.99, 1: 69.99}", "{100: 49.99, 250: 49.99, 500: 69.99, 1: 99.99}", "{100: 19.99, 250: 19.99, 500: 39.99, 1: 59.99}", "{100: 49.99, 250: 49.99, 500: 69.99, 1: 89.99}"], "Lat": 29.974928, "Long": -90.041073, "cv_normalized": 0.3571428571}, {"median_cv": 14.63, "block_pricing": ["{100: 49.99, 250: 49.99, 500: 69.99, 1: 89.99}", "{100: 19.99, 250: 19.99, 500: 39.99, 1: 69.99}", "{100: 19.99, 250: 19.99, 500: 39.99, 1: 59.99}", "{100: 49.99, 250: 49.99, 500: 69.99, 1: 99.99}"], "Lat": 29.974212, "Long": -90.035777, "cv_normalized": 0.3571428571}, {"median_cv": 14.63, "block_pricing": ["{100: 19.99, 250: 19.99, 500: 39.99, 1: 59.99}", "{100: 19.99, 250: 19.99, 500: 39.99, 1: 69.99}", "{100: 49.99, 250: 49.99, 500: 69.99, 1: 89.99}", "{100: 49.99, 250: 49.99, 500: 69.99, 1: 99.99}"], "Lat": 29.978203, "Long": -90.046431, "cv_normalized": 0.3571428571}, {"median_cv": 11.38, "block_pricing": ["{100: 49.99, 250: 49.99, 500: 69.99, 1: 99.99}", "{100: 19.99, 250: 19.99, 500: 39.99, 1: 69.99}", "{100: 49.99, 250: 89.99, 500: 99.99, 1: 119.99}", "{100: 49.99, 250: 49.99, 500: 69.99, 1: 89.99}", "{100: 19.99, 250: 19.99, 500: 39.99, 1: 59.99}"], "Lat": 29.970635, "Long": -90.047845, "cv_normalized": 0.1668618267}, {"median_cv": 14.63, "block_pricing": ["{100: 19.99, 250: 19.99, 500: 39.99, 1: 69.99}"], "Lat": 29.981294, "Long": -90.02994, "cv_normalized": 0.3571428571}, {"median_cv": 14.63, "block_pricing": ["{100: 19.99, 250: 19.99, 500: 39.99, 1: 69.99}", "{100: 49.99, 250: 49.99, 500: 59.99, 1: 69.99}", "{100: 49.99, 250: 49.99, 500: 69.99, 1: 99.99}", "{100: 49.99, 250: 49.99, 500: 69.99, 1: 89.99}", "{100: 19.99, 250: 19.99, 500: 39.99, 1: 59.99}", "{100: 49.99, 250: 89.99, 500: 99.99, 1: 119.99}"], "Lat": 30.019118, "Long": -90.045043, "cv_normalized": 0.3571428571}, {"median_cv": 14.63, "block_pricing": ["{100: 19.99, 250: 19.99, 500: 39.99, 1: 69.99}", "{100: 49.99, 250: 49.99, 500: 69.99, 1: 89.99}", "{100: 49.99, 250: 49.99, 500: 69.99, 1: 99.99}", "{100: 19.99, 250: 19.99, 500: 39.99, 1: 59.99}", "{100: 49.99, 250: 89.99, 500: 99.99, 1: 119.99}"], "Lat": 30.018894, "Long": -90.036354, "cv_normalized": 0.3571428571}, {"median_cv": 14.63, "block_pricing": ["{100: 49.99, 250: 49.99, 500: 59.99, 1: 69.99}", "{100: 19.99, 250: 19.99, 500: 39.99, 1: 69.99}", "{100: 49.99, 250: 49.99, 500: 69.99, 1: 99.99}", "{100: 19.99, 250: 19.99, 500: 29.99, 1: 39.99}", "{100: 49.99, 250: 89.99, 500: 99.99, 1: 119.99}", "{100: 34.99, 250: 74.99, 500: 84.99, 1: 104.99}", "{100: 19.99, 250: 19.99, 500: 39.99, 1: 59.99}", "{100: 49.99, 250: 49.99, 500: 69.99, 1: 89.99}"], "Lat": 30.0115405, "Long": -90.033973, "cv_normalized": 0.3571428571}, {"median_cv": 14.63, "block_pricing": ["{100: 19.99, 250: 19.99, 500: 39.99, 1: 69.99}", "{100: 49.99, 250: 49.99, 500: 59.99, 1: 69.99}", "{100: 19.99, 250: 19.99, 500: 29.99, 1: 39.99}", "{100: 49.99, 250: 49.99, 500: 69.99, 1: 99.99}", "{100: 19.99, 250: 19.99, 500: 39.99, 1: 59.99}", "{100: 49.99, 250: 49.99, 500: 69.99, 1: 89.99}", "{100: 49.99, 250: 89.99, 500: 99.99, 1: 119.99}"], "Lat": 30.009123, "Long": -90.0386225, "cv_normalized": 0.3571428571}, {"median_cv": 14.63, "block_pricing": ["{100: 49.99, 250: 49.99, 500: 59.99, 1: 69.99}", "{100: 19.99, 250: 19.99, 500: 29.99, 1: 39.99}", "{100: 49.99, 250: 49.99, 500: 69.99, 1: 99.99}", "{100: 49.99, 250: 89.99, 500: 99.99, 1: 119.99}"], "Lat": 30.0083775, "Long": -90.041289, "cv_normalized": 0.3571428571}, {"median_cv": 14.63, "block_pricing": ["{100: 19.99, 250: 19.99, 500: 29.99, 1: 39.99}", "{100: 49.99, 250: 49.99, 500: 59.99, 1: 69.99}", "{100: 49.99, 250: 89.99, 500: 99.99, 1: 119.99}", "{100: 49.99, 250: 62.49, 500: 72.49, 1: 92.49}"], "Lat": 30.011878, "Long": -90.043087, "cv_normalized": 0.3571428571}, {"median_cv": 10.24, "block_pricing": ["{100: 19.99, 250: 19.99, 500: 39.99, 1: 69.99}", "{100: 49.99, 250: 49.99, 500: 69.99, 1: 99.99}", "{100: 19.99, 250: 19.99, 500: 39.99, 1: 59.99}", "{100: 49.99, 250: 49.99, 500: 69.99, 1: 89.99}", "{100: 49.99, 250: 89.99, 500: 99.99, 1: 119.99}"], "Lat": 30.025001, "Long": -90.019645, "cv_normalized": 0.100117096}, {"median_cv": 10.24, "block_pricing": ["{100: 49.99, 250: 49.99, 500: 69.99, 1: 99.99}", "{100: 19.99, 250: 19.99, 500: 39.99, 1: 69.99}", "{100: 49.99, 250: 49.99, 500: 69.99, 1: 89.99}", "{100: 19.99, 250: 19.99, 500: 39.99, 1: 59.99}", "{100: 49.99, 250: 89.99, 500: 99.99, 1: 119.99}"], "Lat": 30.021325, "Long": -90.018857, "cv_normalized": 0.100117096}, {"median_cv": 14.63, "block_pricing": ["{100: 49.99, 250: 49.99, 500: 69.99, 1: 99.99}", "{100: 19.99, 250: 19.99, 500: 39.99, 1: 69.99}", "{100: 19.99, 250: 19.99, 500: 39.99, 1: 59.99}", "{100: 49.99, 250: 89.99, 500: 99.99, 1: 119.99}"], "Lat": 30.015926, "Long": -90.016131, "cv_normalized": 0.3571428571}, {"median_cv": 14.63, "block_pricing": ["{100: 19.99, 250: 19.99, 500: 39.99, 1: 69.99}", "{100: 49.99, 250: 49.99, 500: 69.99, 1: 99.99}", "{100: 49.99, 250: 89.99, 500: 99.99, 1: 119.99}", "{100: 19.99, 250: 19.99, 500: 39.99, 1: 59.99}"], "Lat": 30.015859, "Long": -90.020114, "cv_normalized": 0.3571428571}, {"median_cv": 14.63, "block_pricing": ["{100: 49.99, 250: 49.99, 500: 59.99, 1: 69.99}", "{100: 49.99, 250: 49.99, 500: 69.99, 1: 99.99}", "{100: 19.99, 250: 19.99, 500: 29.99, 1: 39.99}", "{100: 49.99, 250: 89.99, 500: 99.99, 1: 119.99}", "{100: 19.99, 250: 19.99, 500: 39.99, 1: 69.99}", "{100: 19.99, 250: 19.99, 500: 39.99, 1: 59.99}"], "Lat": 30.021907, "Long": -89.970559, "cv_normalized": 0.3571428571}, {"median_cv": 14.63, "block_pricing": ["{100: 19.99, 250: 19.99, 500: 39.99, 1: 69.99}", "{100: 49.99, 250: 49.99, 500: 69.99, 1: 99.99}", "{100: 19.99, 250: 19.99, 500: 29.99, 1: 39.99}", "{100: 49.99, 250: 49.99, 500: 59.99, 1: 69.99}", "{100: 49.99, 250: 49.99, 500: 69.99, 1: 89.99}", "{100: 49.99, 250: 89.99, 500: 99.99, 1: 119.99}", "{100: 19.99, 250: 19.99, 500: 39.99, 1: 59.99}"], "Lat": 30.021736, "Long": -89.9772545, "cv_normalized": 0.3571428571}, {"median_cv": 10.24, "block_pricing": ["{100: 49.99, 250: 49.99, 500: 69.99, 1: 99.99}", "{100: 19.99, 250: 19.99, 500: 39.99, 1: 69.99}", "{100: 49.99, 250: 49.99, 500: 69.99, 1: 89.99}", "{100: 49.99, 250: 89.99, 500: 99.99, 1: 119.99}"], "Lat": 30.020773, "Long": -89.983062, "cv_normalized": 0.100117096}, {"median_cv": 10.24, "block_pricing": ["{100: 49.99, 250: 49.99, 500: 69.99, 1: 99.99}", "{100: 19.99, 250: 19.99, 500: 39.99, 1: 69.99}", "{100: 49.99, 250: 89.99, 500: 99.99, 1: 119.99}", "{100: 49.99, 250: 49.99, 500: 69.99, 1: 89.99}", "{100: 19.99, 250: 19.99, 500: 39.99, 1: 59.99}", "{100: 49.99, 250: 79.99, 500: 89.99, 1: 109.99}"], "Lat": 30.019685, "Long": -89.9866465, "cv_normalized": 0.100117096}, {"median_cv": 14.63, "block_pricing": ["{100: 19.99, 250: 19.99, 500: 29.99, 1: 39.99}", "{100: 49.99, 250: 49.99, 500: 69.99, 1: 99.99}", "{100: 19.99, 250: 19.99, 500: 39.99, 1: 69.99}", "{100: 49.99, 250: 49.99, 500: 59.99, 1: 69.99}", "{100: 49.99, 250: 89.99, 500: 99.99, 1: 119.99}", "{100: 49.99, 250: 49.99, 500: 69.99, 1: 89.99}"], "Lat": 30.034901, "Long": -90.0081885, "cv_normalized": 0.3571428571}, {"median_cv": 10.24, "block_pricing": ["{100: 49.99, 250: 49.99, 500: 69.99, 1: 99.99}", "{100: 19.99, 250: 19.99, 500: 39.99, 1: 69.99}", "{100: 49.99, 250: 49.99, 500: 69.99, 1: 89.99}", "{100: 49.99, 250: 89.99, 500: 99.99, 1: 119.99}"], "Lat": 30.0325935, "Long": -90.013978, "cv_normalized": 0.100117096}, {"median_cv": 14.63, "block_pricing": ["{100: 19.99, 250: 19.99, 500: 39.99, 1: 69.99}", "{100: 49.99, 250: 49.99, 500: 69.99, 1: 99.99}", "{100: 49.99, 250: 49.99, 500: 69.99, 1: 89.99}", "{100: 49.99, 250: 89.99, 500: 99.99, 1: 119.99}", "{100: 19.99, 250: 19.99, 500: 39.99, 1: 59.99}", "{100: 49.99, 250: 62.49, 500: 72.49, 1: 92.49}"], "Lat": 30.0286485, "Long": -90.0218685, "cv_normalized": 0.3571428571}, {"median_cv": 14.63, "block_pricing": ["{100: 19.99, 250: 19.99, 500: 39.99, 1: 69.99}", "{100: 49.99, 250: 49.99, 500: 69.99, 1: 99.99}", "{100: 49.99, 250: 89.99, 500: 99.99, 1: 119.99}", "{100: 19.99, 250: 19.99, 500: 39.99, 1: 59.99}"], "Lat": 30.032239, "Long": -90.0212685, "cv_normalized": 0.3571428571}, {"median_cv": 10.24, "block_pricing": ["{100: 19.99, 250: 19.99, 500: 39.99, 1: 69.99}", "{100: 49.99, 250: 49.99, 500: 69.99, 1: 99.99}", "{100: 49.99, 250: 89.99, 500: 99.99, 1: 119.99}", "{100: 19.99, 250: 19.99, 500: 39.99, 1: 59.99}"], "Lat": 30.026884, "Long": -89.983791, "cv_normalized": 0.100117096}, {"median_cv": 14.63, "block_pricing": ["{100: 19.99, 250: 19.99, 500: 39.99, 1: 69.99}", "{100: 19.99, 250: 19.99, 500: 39.99, 1: 59.99}", "{100: 49.99, 250: 79.99, 500: 89.99, 1: 109.99}"], "Lat": 30.029615, "Long": -89.985063, "cv_normalized": 0.3571428571}, {"median_cv": 10.24, "block_pricing": ["{100: 49.99, 250: 49.99, 500: 69.99, 1: 99.99}", "{100: 19.99, 250: 19.99, 500: 39.99, 1: 69.99}"], "Lat": 30.0455215, "Long": -89.9783055, "cv_normalized": 0.100117096}, {"median_cv": 10.24, "block_pricing": ["{100: 19.99, 250: 19.99, 500: 39.99, 1: 69.99}", "{100: 49.99, 250: 49.99, 500: 69.99, 1: 89.99}", "{100: 49.99, 250: 49.99, 500: 69.99, 1: 99.99}", "{100: 19.99, 250: 19.99, 500: 39.99, 1: 59.99}", "{100: 49.99, 250: 89.99, 500: 99.99, 1: 119.99}"], "Lat": 30.0513565, "Long": -89.9738475, "cv_normalized": 0.100117096}, {"median_cv": 10.24, "block_pricing": ["{100: 19.99, 250: 19.99, 500: 39.99, 1: 69.99}", "{100: 49.99, 250: 49.99, 500: 69.99, 1: 99.99}", "{100: 49.99, 250: 49.99, 500: 69.99, 1: 89.99}"], "Lat": 30.048695, "Long": -89.97674, "cv_normalized": 0.100117096}, {"median_cv": 10.24, "block_pricing": ["{100: 49.99, 250: 49.99, 500: 69.99, 1: 99.99}", "{100: 19.99, 250: 19.99, 500: 39.99, 1: 69.99}", "{100: 19.99, 250: 19.99, 500: 39.99, 1: 59.99}", "{100: 49.99, 250: 74.99, 500: 84.99, 1: 104.99}", "{100: 49.99, 250: 49.99, 500: 69.99, 1: 89.99}", "{100: 49.99, 250: 89.99, 500: 99.99, 1: 119.99}"], "Lat": 30.044345, "Long": -89.97091, "cv_normalized": 0.100117096}, {"median_cv": 10.24, "block_pricing": ["{100: 19.99, 250: 19.99, 500: 39.99, 1: 69.99}", "{100: 49.99, 250: 49.99, 500: 69.99, 1: 99.99}", "{100: 19.99, 250: 19.99, 500: 39.99, 1: 59.99}"], "Lat": 30.041937, "Long": -89.976153, "cv_normalized": 0.100117096}, {"median_cv": 10.24, "block_pricing": ["{100: 49.99, 250: 49.99, 500: 69.99, 1: 89.99}", "{100: 49.99, 250: 49.99, 500: 69.99, 1: 99.99}", "{100: 19.99, 250: 19.99, 500: 39.99, 1: 69.99}", "{100: 19.99, 250: 19.99, 500: 39.99, 1: 59.99}"], "Lat": 30.058232, "Long": -89.948073, "cv_normalized": 0.100117096}, {"median_cv": 10.24, "block_pricing": ["{100: 49.99, 250: 49.99, 500: 69.99, 1: 99.99}", "{100: 19.99, 250: 19.99, 500: 39.99, 1: 69.99}", "{100: 49.99, 250: 49.99, 500: 69.99, 1: 89.99}", "{100: 49.99, 250: 89.99, 500: 99.99, 1: 119.99}"], "Lat": 30.048906, "Long": -89.9644825, "cv_normalized": 0.100117096}, {"median_cv": 10.24, "block_pricing": ["{100: 49.99, 250: 49.99, 500: 69.99, 1: 99.99}", "{100: 49.99, 250: 49.99, 500: 69.99, 1: 89.99}", "{100: 19.99, 250: 19.99, 500: 39.99, 1: 69.99}", "{100: 19.99, 250: 19.99, 500: 39.99, 1: 59.99}", "{100: 49.99, 250: 62.49, 500: 72.49, 1: 92.49}"], "Lat": 30.054367, "Long": -89.955434, "cv_normalized": 0.100117096}, {"median_cv": 10.24, "block_pricing": ["{100: 49.99, 250: 49.99, 500: 69.99, 1: 99.99}", "{100: 19.99, 250: 19.99, 500: 39.99, 1: 69.99}", "{100: 49.99, 250: 89.99, 500: 99.99, 1: 119.99}", "{100: 19.99, 250: 19.99, 500: 39.99, 1: 59.99}", "{100: 49.99, 250: 49.99, 500: 69.99, 1: 89.99}"], "Lat": 30.038721, "Long": -89.932602, "cv_normalized": 0.100117096}, {"median_cv": 14.63, "block_pricing": ["{100: 49.99, 250: 49.99, 500: 69.99, 1: 99.99}", "{100: 49.99, 250: 49.99, 500: 59.99, 1: 69.99}", "{100: 19.99, 250: 19.99, 500: 29.99, 1: 39.99}", "{100: 19.99, 250: 19.99, 500: 39.99, 1: 69.99}", "{100: 49.99, 250: 89.99, 500: 99.99, 1: 119.99}", "{100: 19.99, 250: 19.99, 500: 39.99, 1: 59.99}", "{100: 49.99, 250: 49.99, 500: 69.99, 1: 89.99}"], "Lat": 30.031405, "Long": -90.000509, "cv_normalized": 0.3571428571}, {"median_cv": 10.24, "block_pricing": ["{100: 49.99, 250: 49.99, 500: 69.99, 1: 99.99}", "{100: 49.99, 250: 89.99, 500: 99.99, 1: 119.99}"], "Lat": 30.030652, "Long": -90.005621, "cv_normalized": 0.100117096}, {"median_cv": 10.24, "block_pricing": ["{100: 49.99, 250: 49.99, 500: 69.99, 1: 99.99}", "{100: 19.99, 250: 19.99, 500: 39.99, 1: 69.99}", "{100: 49.99, 250: 49.99, 500: 69.99, 1: 89.99}"], "Lat": 30.0396555, "Long": -89.981481, "cv_normalized": 0.100117096}, {"median_cv": 14.63, "block_pricing": ["{100: 49.99, 250: 49.99, 500: 69.99, 1: 99.99}", "{100: 19.99, 250: 19.99, 500: 39.99, 1: 69.99}", "{100: 19.99, 250: 19.99, 500: 39.99, 1: 59.99}", "{100: 49.99, 250: 89.99, 500: 99.99, 1: 119.99}", "{100: 49.99, 250: 49.99, 500: 69.99, 1: 89.99}"], "Lat": 30.035238, "Long": -89.988744, "cv_normalized": 0.3571428571}, {"median_cv": 14.63, "block_pricing": ["{100: 19.99, 250: 19.99, 500: 39.99, 1: 69.99}", "{100: 49.99, 250: 49.99, 500: 69.99, 1: 99.99}", "{100: 19.99, 250: 19.99, 500: 39.99, 1: 59.99}"], "Lat": 30.033546, "Long": -89.993247, "cv_normalized": 0.3571428571}, {"median_cv": 11.38, "block_pricing": ["{100: 19.99, 250: 19.99, 500: 39.99, 1: 69.99}", "{100: 49.99, 250: 49.99, 500: 69.99, 1: 99.99}", "{100: 49.99, 250: 89.99, 500: 99.99, 1: 119.99}", "{100: 49.99, 250: 49.99, 500: 69.99, 1: 89.99}", "{100: 19.99, 250: 19.99, 500: 39.99, 1: 59.99}"], "Lat": 30.058282, "Long": -89.964642, "cv_normalized": 0.1668618267}, {"median_cv": 10.24, "block_pricing": ["{100: 49.99, 250: 49.99, 500: 69.99, 1: 99.99}", "{100: 19.99, 250: 19.99, 500: 39.99, 1: 69.99}", "{100: 19.99, 250: 19.99, 500: 39.99, 1: 59.99}", "{100: 34.99, 250: 74.99, 500: 84.99, 1: 104.99}", "{100: 49.99, 250: 49.99, 500: 69.99, 1: 89.99}"], "Lat": 30.054067, "Long": -89.964177, "cv_normalized": 0.100117096}, {"median_cv": 