[{"median_cv": 15.76, "block_pricing": ["{100: 49.99, 250: 84.99, 500: 94.99, 1: 114.99}", "{100: 49.99, 250: 49.99, 500: 54.99, 1: 64.99}", "{100: 19.99, 250: 19.99, 500: 24.99, 1: 34.99}"], "Lat": 36.177172, "Long": -115.189906, "cv_normalized": 0.3486017358}, {"median_cv": 15.76, "block_pricing": ["{100: 49.99, 250: 49.99, 500: 54.99, 1: 64.99}", "{100: 19.99, 250: 19.99, 500: 24.99, 1: 34.99}", "{100: 49.99, 250: 59.99, 500: 79.99, 1: 99.99}", "{100: 19.99, 250: 29.99, 500: 49.99, 1: 69.99}", "{100: 49.99, 250: 89.99, 500: 99.99, 1: 119.99}"], "Lat": 36.178591, "Long": -115.198176, "cv_normalized": 0.3486017358}, {"median_cv": 15.76, "block_pricing": ["{100: 49.99, 250: 49.99, 500: 54.99, 1: 64.99}", "{100: 49.99, 250: 59.99, 500: 79.99, 1: 99.99}", "{100: 19.99, 250: 19.99, 500: 24.99, 1: 34.99}", "{100: 19.99, 250: 29.99, 500: 49.99, 1: 69.99}"], "Lat": 36.1841655, "Long": -115.191515, "cv_normalized": 0.3486017358}, {"median_cv": 15.76, "block_pricing": ["{100: 49.99, 250: 49.99, 500: 54.99, 1: 64.99}", "{100: 19.99, 250: 19.99, 500: 24.99, 1: 34.99}", "{100: 49.99, 250: 59.99, 500: 79.99, 1: 99.99}", "{100: 49.99, 250: 89.99, 500: 99.99, 1: 119.99}"], "Lat": 36.1834675, "Long": -115.185885, "cv_normalized": 0.3486017358}, {"median_cv": 15.76, "block_pricing": ["{100: 49.99, 250: 49.99, 500: 54.99, 1: 64.99}", "{100: 19.99, 250: 19.99, 500: 24.99, 1: 34.99}", "{100: 49.99, 250: 89.99, 500: 99.99, 1: 119.99}"], "Lat": 36.186722, "Long": -115.180833, "cv_normalized": 0.3486017358}, {"median_cv": 15.76, "block_pricing": ["{100: 49.99, 250: 59.99, 500: 79.99, 1: 99.99}", "{100: 49.99, 250: 49.99, 500: 54.99, 1: 64.99}", "{100: 49.99, 250: 49.99, 500: 69.99, 1: 89.99}", "{100: 19.99, 250: 19.99, 500: 24.99, 1: 34.99}", "{100: 19.99, 250: 29.99, 500: 49.99, 1: 69.99}"], "Lat": 36.1654705, "Long": -115.237159, "cv_normalized": 0.3486017358}, {"median_cv": 15.76, "block_pricing": ["{100: 49.99, 250: 49.99, 500: 54.99, 1: 64.99}", "{100: 49.99, 250: 89.99, 500: 99.99, 1: 119.99}", "{100: 19.99, 250: 19.99, 500: 24.99, 1: 34.99}"], "Lat": 36.164489, "Long": -115.228843, "cv_normalized": 0.3486017358}, {"median_cv": 10.24, "block_pricing": ["{100: 19.99, 250: 29.99, 500: 49.99, 1: 69.99}", "{100: 49.99, 250: 59.99, 500: 79.99, 1: 99.99}", "{100: 49.99, 250: 89.99, 500: 99.99, 1: 119.99}", "{100: 49.99, 250: 49.99, 500: 54.99, 1: 64.99}"], "Lat": 36.162006, "Long": -115.237705, "cv_normalized": 0.0824493732}, {"median_cv": 15.76, "block_pricing": ["{100: 49.99, 250: 49.99, 500: 54.99, 1: 64.99}", "{100: 19.99, 250: 19.99, 500: 24.99, 1: 34.99}", "{100: 49.99, 250: 59.99, 500: 79.99, 1: 99.99}", "{100: 49.99, 250: 89.99, 500: 99.99, 1: 119.99}", "{100: 19.99, 250: 29.99, 500: 49.99, 1: 69.99}", "{100: 49.99, 250: 49.99, 500: 69.99, 1: 89.99}"], "Lat": 36.1616735, "Long": -115.2276975, "cv_normalized": 0.3486017358}, {"median_cv": 15.76, "block_pricing": ["{100: 49.99, 250: 49.99, 500: 54.99, 1: 64.99}", "{100: 19.99, 250: 19.99, 500: 24.99, 1: 34.99}", "{100: 49.99, 250: 59.99, 500: 79.99, 1: 99.99}", "{100: 19.99, 250: 29.99, 500: 49.99, 1: 69.99}", "{100: 49.99, 250: 49.99, 500: 69.99, 1: 89.99}"], "Lat": 36.167716, "Long": -115.197977, "cv_normalized": 0.3486017358}, {"median_cv": 15.76, "block_pricing": ["{100: 49.99, 250: 49.99, 500: 54.99, 1: 64.99}", "{100: 19.99, 250: 19.99, 500: 24.99, 1: 34.99}", "{100: 49.99, 250: 59.99, 500: 79.99, 1: 99.99}", "{100: 49.99, 250: 89.99, 500: 99.99, 1: 119.99}", "{100: 49.99, 250: 79.99, 500: 89.99, 1: 109.99}", "{100: 49.99, 250: 49.99, 500: 69.99, 1: 89.99}", "{100: 19.99, 250: 29.99, 500: 49.99, 1: 69.99}"], "Lat": 36.164933, "Long": -115.199496, "cv_normalized": 0.3486017358}, {"median_cv": 15.76, "block_pricing": ["{100: 49.99, 250: 49.99, 500: 54.99, 1: 64.99}", "{100: 49.99, 250: 89.99, 500: 99.99, 1: 119.99}", "{100: 19.99, 250: 19.99, 500: 24.99, 1: 34.99}", "{100: 49.99, 250: 59.99, 500: 79.99, 1: 99.99}"], "Lat": 36.160991, "Long": -115.201492, "cv_normalized": 0.3486017358}, {"median_cv": 10.24, "block_pricing": ["{100: 49.99, 250: 59.99, 500: 79.99, 1: 99.99}", "{100: 19.99, 250: 29.99, 500: 49.99, 1: 69.99}", "{100: 49.99, 250: 49.99, 500: 69.99, 1: 89.99}", "{100: 19.99, 250: 19.99, 500: 24.99, 1: 34.99}", "{100: 19.99, 250: 19.99, 500: 39.99, 1: 59.99}"], "Lat": 36.167104, "Long": -115.213155, "cv_normalized": 0.0824493732}, {"median_cv": 10.24, "block_pricing": ["{100: 19.99, 250: 29.99, 500: 49.99, 1: 69.99}", "{100: 49.99, 250: 59.99, 500: 79.99, 1: 99.99}", "{100: 49.99, 250: 49.99, 500: 69.99, 1: 89.99}", "{100: 49.99, 250: 49.99, 500: 54.99, 1: 64.99}"], "Lat": 36.170353, "Long": -115.219286, "cv_normalized": 0.0824493732}, {"median_cv": 14.63, "block_pricing": ["{100: 49.99, 250: 59.99, 500: 79.99, 1: 99.99}", "{100: 19.99, 250: 29.99, 500: 49.99, 1: 69.99}", "{100: 49.99, 250: 89.99, 500: 99.99, 1: 119.99}", "{100: 19.99, 250: 19.99, 500: 39.99, 1: 59.99}"], "Lat": 36.1726125, "Long": -115.2113345, "cv_normalized": 0.2941176471}, {"median_cv": 15.76, "block_pricing": ["{100: 49.99, 250: 49.99, 500: 54.99, 1: 64.99}", "{100: 19.99, 250: 19.99, 500: 24.99, 1: 34.99}", "{100: 49.99, 250: 89.99, 500: 99.99, 1: 119.99}", "{100: 19.99, 250: 29.99, 500: 49.99, 1: 69.99}"], "Lat": 36.164629, "Long": -115.215931, "cv_normalized": 0.3486017358}, {"median_cv": 10.24, "block_pricing": ["{100: 49.99, 250: 59.99, 500: 79.99, 1: 99.99}", "{100: 49.99, 250: 49.99, 500: 54.99, 1: 64.99}", "{100: 49.99, 250: 89.99, 500: 99.99, 1: 119.99}", "{100: 19.99, 250: 29.99, 500: 49.99, 1: 69.99}", "{100: 49.99, 250: 49.99, 500: 69.99, 1: 89.99}"], "Lat": 36.16244, "Long": -115.2154475, "cv_normalized": 0.0824493732}, {"median_cv": 10.24, "block_pricing": ["{100: 19.99, 250: 29.99, 500: 49.99, 1: 69.99}", "{100: 49.99, 250: 59.99, 500: 79.99, 1: 99.99}", "{100: 49.99, 250: 49.99, 500: 69.99, 1: 89.99}", "{100: 19.99, 250: 19.99, 500: 39.99, 1: 59.99}"], "Lat": 36.17787, "Long": -115.208694, "cv_normalized": 0.0824493732}, {"median_cv": 11.07, "block_pricing": ["{100: 19.99, 250: 29.99, 500: 49.99, 1: 69.99}", "{100: 49.99, 250: 59.99, 500: 79.99, 1: 99.99}", "{100: 49.99, 250: 89.99, 500: 99.99, 1: 119.99}", "{100: 19.99, 250: 19.99, 500: 39.99, 1: 59.99}", "{100: 49.99, 250: 62.49, 500: 72.49, 1: 92.49}"], "Lat": 36.183769, "Long": -115.210462, "cv_normalized": 0.1224686596}, {"median_cv": 10.24, "block_pricing": ["{100: 19.99, 250: 19.99, 500: 24.99, 1: 34.99}", "{100: 49.99, 250: 89.99, 500: 99.99, 1: 119.99}", "{100: 49.99, 250: 59.99, 500: 79.99, 1: 99.99}", "{100: 19.99, 250: 29.99, 500: 49.99, 1: 69.99}", "{100: 49.99, 250: 49.99, 500: 54.99, 1: 64.99}", "{100: 49.99, 250: 49.99, 500: 69.99, 1: 89.99}"], "Lat": 36.176292, "Long": -115.2154845, "cv_normalized": 0.0824493732}, {"median_cv": 10.24, "block_pricing": ["{100: 49.99, 250: 59.99, 500: 79.99, 1: 99.99}", "{100: 19.99, 250: 29.99, 500: 49.99, 1: 69.99}", "{100: 49.99, 250: 89.99, 500: 99.99, 1: 119.99}"], "Lat": 36.17864, "Long": -115.211789, "cv_normalized": 0.0824493732}, {"median_cv": 10.81, "block_pricing": ["{100: 49.99, 250: 49.99, 500: 54.99, 1: 64.99}", "{100: 49.99, 250: 59.99, 500: 79.99, 1: 99.99}", "{100: 49.99, 250: 89.99, 500: 99.99, 1: 119.99}", "{100: 19.99, 250: 19.99, 500: 24.99, 1: 34.99}", "{100: 19.99, 250: 29.99, 500: 49.99, 1: 69.99}", "{100: 49.99, 250: 49.99, 500: 69.99, 1: 89.99}"], "Lat": 36.179, "Long": -115.2181415, "cv_normalized": 0.1099324976}, {"median_cv": 14.63, "block_pricing": ["{100: 19.99, 250: 29.99, 500: 49.99, 1: 69.99}", "{100: 49.99, 250: 59.99, 500: 79.99, 1: 99.99}", "{100: 49.99, 250: 49.99, 500: 54.99, 1: 64.99}", "{100: 19.99, 250: 19.99, 500: 24.99, 1: 34.99}", "{100: 49.99, 250: 89.99, 500: 99.99, 1: 119.99}", "{100: 49.99, 250: 49.99, 500: 69.99, 1: 89.99}"], "Lat": 36.183746, "Long": -115.174554, "cv_normalized": 0.2941176471}, {"median_cv": 14.63, "block_pricing": ["{100: 19.99, 250: 29.99, 500: 49.99, 1: 69.99}", "{100: 49.99, 250: 59.99, 500: 79.99, 1: 99.99}"], "Lat": 36.179628, "Long": -115.170867, "cv_normalized": 0.2941176471}, {"median_cv": 15.76, "block_pricing": ["{100: 49.99, 250: 49.99, 500: 54.99, 1: 64.99}", "{100: 19.99, 250: 19.99, 500: 24.99, 1: 34.99}", "{100: 49.99, 250: 89.99, 500: 99.99, 1: 119.99}", "{100: 19.99, 250: 29.99, 500: 49.99, 1: 69.99}", "{100: 49.99, 250: 59.99, 500: 79.99, 1: 99.99}", "{100: 49.99, 250: 49.99, 500: 69.99, 1: 89.99}"], "Lat": 36.184424, "Long": -115.165779, "cv_normalized": 0.3486017358}, {"median_cv": 10.24, "block_pricing": ["{100: 19.99, 250: 29.99, 500: 49.99, 1: 69.99}", "{100: 49.99, 250: 49.99, 500: 69.99, 1: 89.99}", "{100: 49.99, 250: 59.99, 500: 79.99, 1: 99.99}"], "Lat": 36.172462, "Long": -115.167163, "cv_normalized": 0.0824493732}, {"median_cv": 10.24, "block_pricing": ["{100: 49.99, 250: 59.99, 500: 79.99, 1: 99.99}", "{100: 19.99, 250: 29.99, 500: 49.99, 1: 69.99}", "{100: 49.99, 250: 49.99, 500: 69.99, 1: 89.99}", "{100: 49.99, 250: 89.99, 500: 99.99, 1: 119.99}"], "Lat": 36.168658, "Long": -115.167991, "cv_normalized": 0.0824493732}, {"median_cv": 10.24, "block_pricing": ["{100: 49.99, 250: 59.99, 500: 79.99, 1: 99.99}"], "Lat": 36.165665, "Long": -115.168348, "cv_normalized": 0.0824493732}, {"median_cv": 10.24, "block_pricing": ["{100: 49.99, 250: 59.99, 500: 79.99, 1: 99.99}", "{100: 19.99, 250: 29.99, 500: 49.99, 1: 69.99}", "{100: 49.99, 250: 49.99, 500: 69.99, 1: 89.99}", "{100: 19.99, 250: 19.99, 500: 39.99, 1: 59.99}"], "Lat": 36.170411, "Long": -115.164314, "cv_normalized": 0.0824493732}, {"median_cv": 10.24, "block_pricing": ["{100: 49.99, 250: 59.99, 500: 79.99, 1: 99.99}", "{100: 49.99, 250: 89.99, 500: 99.99, 1: 119.99}", "{100: 19.99, 250: 19.99, 500: 39.99, 1: 59.99}"], "Lat": 36.155762, "Long": -115.166875, "cv_normalized": 0.0824493732}, {"median_cv": 10.24, "block_pricing": ["{100: 49.99, 250: 59.99, 500: 79.99, 1: 99.99}", "{100: 19.99, 250: 19.99, 500: 39.99, 1: 59.99}", "{100: 49.99, 250: 49.99, 500: 69.99, 1: 89.99}", "{100: 19.99, 250: 29.99, 500: 49.99, 1: 69.99}"], "Lat": 36.1495955, "Long": -115.170483, "cv_normalized": 0.0824493732}, {"median_cv": 29.27, "block_pricing": ["{100: 19.99, 250: 19.99, 500: 24.99, 1: 34.99}", "{100: 49.99, 250: 49.99, 500: 54.99, 1: 64.99}", "{100: 49.99, 250: 89.99, 500: 99.99, 1: 119.99}", "{100: 49.99, 250: 59.99, 500: 79.99, 1: 99.99}"], "Lat": 36.19231, "Long": -115.148485, "cv_normalized": 1.0}, {"median_cv": 8.53, "block_pricing": ["{100: 49.99, 250: 89.99, 500: 99.99, 1: 119.99}", "{100: 19.99, 250: 29.99, 500: 49.99, 1: 69.99}"], "Lat": 36.164838, "Long": -115.155688, "cv_normalized": 0.0}, {"median_cv": 14.63, "block_pricing": ["{100: 19.99, 250: 29.99, 500: 49.99, 1: 69.99}", "{100: 49.99, 250: 59.99, 500: 79.99, 1: 99.99}", "{100: 19.99, 250: 19.99, 500: 39.99, 1: 59.99}", "{100: 49.99, 250: 49.99, 500: 69.99, 1: 89.99}"], "Lat": 36.18721, "Long": -115.149281, "cv_normalized": 0.2941176471}, {"median_cv": 14.63, "block_pricing": ["{100: 19.99, 250: 29.99, 500: 49.99, 1: 69.99}", "{100: 49.99, 250: 49.99, 500: 69.99, 1: 89.99}", "{100: 49.99, 250: 89.99, 500: 99.99, 1: 119.99}", "{100: 19.99, 250: 19.99, 500: 39.99, 1: 59.99}"], "Lat": 36.19134, "Long": -115.16812, "cv_normalized": 0.2941176471}, {"median_cv": 29.27, "block_pricing": ["{100: 49.99, 250: 49.99, 500: 54.99, 1: 64.99}", "{100: 19.99, 250: 19.99, 500: 24.99, 1: 34.99}"], "Lat": 36.1869, "Long": -115.158986, "cv_normalized": 1.0}, {"median_cv": 29.27, "block_pricing": ["{100: 49.99, 250: 49.99, 500: 54.99, 1: 64.99}", "{100: 19.99, 250: 19.99, 500: 24.99, 1: 34.99}", "{100: 49.99, 250: 59.99, 500: 79.99, 1: 99.99}", "{100: 19.99, 250: 29.99, 500: 49.99, 1: 69.99}", "{100: 49.99, 250: 89.99, 500: 99.99, 1: 119.99}"], "Lat": 36.1827325, "Long": -115.157088, "cv_normalized": 1.0}, {"median_cv": 29.27, "block_pricing": ["{100: 19.99, 250: 19.99, 500: 24.99, 1: 34.99}", "{100: 49.99, 250: 49.99, 500: 54.99, 1: 64.99}", "{100: 49.99, 250: 89.99, 500: 99.99, 1: 119.99}"], "Lat": 36.190004, "Long": -115.1574675, "cv_normalized": 1.0}, {"median_cv": 29.27, "block_pricing": ["{100: 19.99, 250: 19.99, 500: 24.99, 1: 34.99}"], "Lat": 36.1813415, "Long": -115.154144, "cv_normalized": 1.0}, {"median_cv": 14.63, "block_pricing": ["{100: 19.99, 250: 29.99, 500: 49.99, 1: 69.99}", "{100: 49.99, 250: 62.49, 500: 72.49, 1: 92.49}", "{100: 49.99, 250: 59.99, 500: 79.99, 1: 99.99}"], "Lat": 36.1791385, "Long": -115.138168, "cv_normalized": 0.2941176471}, {"median_cv": 29.27, "block_pricing": ["{100: 19.99, 250: 19.99, 500: 24.99, 1: 34.99}"], "Lat": 36.177312, "Long": -115.126824, "cv_normalized": 1.0}, {"median_cv": 29.27, "block_pricing": ["{100: 19.99, 250: 19.99, 500: 24.99, 1: 34.99}", "{100: 49.99, 250: 49.99, 500: 54.99, 1: 64.99}", "{100: 49.99, 250: 89.99, 500: 99.99, 1: 119.99}"], "Lat": 36.175405, "Long": -115.1269305, "cv_normalized": 1.0}, {"median_cv": 14.63, "block_pricing": ["{100: 49.99, 250: 59.99, 500: 79.99, 1: 99.99}", "{100: 19.99, 250: 29.99, 500: 49.99, 1: 69.99}", "{100: 19.99, 250: 19.99, 500: 39.99, 1: 59.99}"], "Lat": 36.176987, "Long": -115.133011, "cv_normalized": 0.2941176471}, {"median_cv": 14.63, "block_pricing": ["{100: 19.99, 250: 29.99, 500: 49.99, 1: 69.99}"], "Lat": 36.171235, "Long": -115.133593, "cv_normalized": 0.2941176471}, {"median_cv": 29.27, "block_pricing": ["{100: 19.99, 250: 29.99, 500: 49.99, 1: 69.99}", "{100: 19.99, 250: 19.99, 500: 24.99, 1: 34.99}"], "Lat": 36.172487, "Long": -115.125746, "cv_normalized": 1.0}, {"median_cv": 29.27, "block_pricing": ["{100: 19.99, 250: 19.99, 500: 24.99, 1: 34.99}", "{100: 49.99, 250: 49.99, 500: 54.99, 1: 64.99}", "{100: 19.99, 250: 29.99, 500: 49.99, 1: 69.99}"], "Lat": 36.168908, "Long": -115.126329, "cv_normalized": 1.0}, {"median_cv": 10.24, "block_pricing": ["{100: 49.99, 250: 89.99, 500: 99.99, 1: 119.99}", "{100: 49.99, 250: 59.99, 500: 79.99, 1: 99.99}", "{100: 19.99, 250: 29.99, 500: 49.99, 1: 69.99}", "{100: 49.99, 250: 49.99, 500: 69.99, 1: 89.99}", "{100: 49.99, 250: 82.49, 500: 92.49, 1: 112.49}"], "Lat": 36.182692, "Long": -115.1223265, "cv_normalized": 0.0824493732}, {"median_cv": 10.24, "block_pricing": ["{100: 49.99, 250: 59.99, 500: 79.99, 1: 99.99}", "{100: 49.99, 250: 49.99, 500: 69.99, 1: 89.99}"], "Lat": 36.182833, "Long": -115.118227, "cv_normalized": 0.0824493732}, {"median_cv": 15.76, "block_pricing": ["{100: 19.99, 250: 19.99, 500: 24.99, 1: 34.99}", "{100: 49.99, 250: 59.99, 500: 79.99, 1: 99.99}", "{100: 19.99, 250: 29.99, 500: 49.99, 1: 69.99}", "{100: 49.99, 250: 89.99, 500: 99.99, 1: 119.99}", "{100: 49.99, 250: 49.99, 500: 69.99, 1: 89.99}", "{100: 49.99, 250: 82.49, 500: 92.49, 1: 112.49}", "{100: 34.99, 250: 67.49, 500: 77.49, 1: 97.49}", "{100: 49.99, 250: 49.99, 500: 54.99, 1: 64.99}"], "Lat": 36.176687, "Long": -115.122709, "cv_normalized": 0.3486017358}, {"median_cv": 14.63, "block_pricing": ["{100: 49.99, 250: 59.99, 500: 79.99, 1: 99.99}", "{100: 19.99, 250: 29.99, 500: 49.99, 1: 69.99}", "{100: 19.99, 250: 19.99, 500: 24.99, 1: 34.99}", "{100: 49.99, 250: 89.99, 500: 99.99, 1: 119.99}", "{100: 49.99, 250: 49.99, 500: 69.99, 1: 89.99}", "{100: 49.99, 250: 62.49, 500: 72.49, 1: 92.49}", "{100: 49.99, 250: 49.99, 500: 54.99, 1: 64.99}"], "Lat": 36.178802, "Long": -115.118691, "cv_normalized": 0.2941176471}, {"median_cv": 10.24, "block_pricing": ["{100: 49.99, 250: 59.99, 500: 79.99, 1: 99.99}", "{100: 19.99, 250: 29.99, 500: 49.99, 1: 69.99}", "{100: 49.99, 250: 49.99, 500: 69.99, 1: 89.99}"], "Lat": 36.1872655, "Long": -115.074286, "cv_normalized": 0.0824493732}, {"median_cv": 10.24, "block_pricing": ["{100: 49.99, 250: 59.99, 500: 79.99, 1: 99.99}", "{100: 19.99, 250: 29.99, 500: 49.99, 1: 69.99}", "{100: 19.99, 250: 19.99, 500: 39.99, 1: 59.99}"], "Lat": 36.182495, "Long": -115.072645, "cv_normalized": 0.0824493732}, {"median_cv": 14.63, "block_pricing": ["{100: 19.99, 250: 29.99, 500: 49.99, 1: 69.99}", "{100: 49.99, 250: 59.99, 500: 79.99, 1: 99.99}", "{100: 19.99, 250: 19.99, 500: 39.99, 1: 59.99}"], "Lat": 36.183834, "Long": -115.0673635, "cv_normalized": 0.2941176471}, {"median_cv": 10.24, "block_pricing": ["{100: 49.99, 250: 59.99, 500: 79.99, 1: 99.99}", "{100: 19.99, 250: 29.99, 500: 49.99, 1: 69.99}"], "Lat": 36.177427, "Long": -115.084075, "cv_normalized": 0.0824493732}, {"median_cv": 10.24, "block_pricing": ["{100: 49.99, 250: 59.99, 500: 79.99, 1: 99.99}", "{100: 19.99, 250: 29.99, 500: 49.99, 1: 69.99}", "{100: 19.99, 250: 19.99, 500: 39.99, 1: 59.99}"], "Lat": 36.17628, "Long": -115.085488, "cv_normalized": 0.0824493732}, {"median_cv": 10.81, "block_pricing": ["{100: 49.99, 250: 59.99, 500: 79.99, 1: 99.99}", "{100: 49.99, 250: 49.99, 500: 69.99, 1: 89.99}", "{100: 19.99, 250: 29.99, 500: 49.99, 1: 69.99}"], "Lat": 36.1790795, "Long": -115.0948025, "cv_normalized": 0.1099324976}, {"median_cv": 10.24, "block_pricing": ["{100: 49.99, 250: 59.99, 500: 79.99, 1: 99.99}"], "Lat": 36.175977, "Long": -115.0903095, "cv_normalized": 0.0824493732}, {"median_cv": 10.24, "block_pricing": ["{100: 49.99, 250: 59.99, 500: 79.99, 1: 99.99}", "{100: 19.99, 250: 29.99, 500: 49.99, 1: 69.99}", "{100: 49.99, 250: 89.99, 500: 99.99, 1: 119.99}"], "Lat": 36.178985, "Long": -115.076507, "cv_normalized": 0.0824493732}, {"median_cv": 10.24, "block_pricing": ["{100: 49.99, 250: 59.99, 500: 79.99, 1: 99.99}", "{100: 19.99, 250: 29.99, 500: 49.99, 1: 69.99}", "{100: 49.99, 250: 49.99, 500: 69.99, 1: 89.99}", "{100: 49.99, 250: 89.99, 500: 99.99, 1: 119.99}"], "Lat": 36.180513, "Long": -115.066393, "cv_normalized": 0.0824493732}, {"median_cv": 10.24, "block_pricing": ["{100: 49.99, 250: 49.99, 500: 69.99, 1: 89.99}", "{100: 49.99, 250: 59.99, 500: 79.99, 1: 99.99}", "{100: 19.99, 250: 29.99, 500: 49.99, 1: 69.99}"], "Lat": 36.1760525, "Long": -115.0725055, "cv_normalized": 0.0824493732}, {"median_cv": 11.38, "block_pricing": ["{100: 19.99, 250: 29.99, 500: 49.99, 1: 69.99}", "{100: 49.99, 250: 59.99, 500: 79.99, 1: 99.99}", "{100: 19.99, 250: 19.99, 500: 39.99, 1: 59.99}", "{100: 49.99, 250: 49.99, 500: 69.99, 1: 89.99}"], "Lat": 36.1756745, "Long": -115.078675, "cv_normalized": 0.137415622}, {"median_cv": 10.24, "block_pricing": ["{100: 19.99, 250: 29.99, 500: 49.99, 1: 69.99}", "{100: 49.99, 250: 59.99, 500: 79.99, 1: 99.99}", "{100: 49.99, 250: 49.99, 500: 69.99, 1: 89.99}", "{100: 49.99, 250: 62.49, 500: 72.49, 1: 92.49}"], "Lat": 36.167826, "Long": -115.087723, "cv_normalized": 0.0824493732}, {"median_cv": 10.24, "block_pricing": ["{100: 49.99, 250: 59.99, 500: 79.99, 1: 99.99}", "{100: 19.99, 250: 29.99, 500: 49.99, 1: 69.99}", "{100: 49.99, 250: 49.99, 500: 69.99, 1: 89.99}"], "Lat": 36.171177, "Long": -115.08797, "cv_normalized": 0.0824493732}, {"median_cv": 10.24, "block_pricing": ["{100: 49.99, 250: 59.99, 500: 79.99, 1: 99.99}", "{100: 19.99, 250: 29.99, 500: 49.99, 1: 69.99}"], "Lat": 36.17001, "Long": -115.091839, "cv_normalized": 0.0824493732}, {"median_cv": 10.24, "block_pricing": ["{100: 19.99, 250: 29.99, 500: 49.99, 1: 69.99}", "{100: 49.99, 250: 59.99, 500: 79.99, 1: 99.99}", "{100: 49.99, 250: 89.99, 500: 99.99, 1: 119.99}"], "Lat": 36.1720035, "Long": -115.0972975, "cv_normalized": 0.0824493732}, {"median_cv": 10.24, "block_pricing": ["{100: 49.99, 250: 59.99, 500: 79.99, 1: 99.99}"], "Lat": 36.1720705, "Long": -115.07329, "cv_normalized": 0.0824493732}, {"median_cv": 10.24, "block_pricing": ["{100: 49.99, 250: 59.99, 500: 79.99, 1: 99.99}", "{100: 49.99, 250: 89.99, 500: 99.99, 1: 119.99}", "{100: 19.99, 250: 29.99, 500: 49.99, 1: 69.99}", "{100: 19.99, 250: 19.99, 500: 39.99, 1: 59.99}"], "Lat": 36.1715125, "Long": -115.069226, "cv_normalized": 0.0824493732}, {"median_cv": 10.24, "block_pricing": ["{100: 19.99, 250: 29.99, 500: 49.99, 1: 69.99}", "{100: 49.99, 250: 59.99, 500: 79.99, 1: 99.99}", "{100: 49.99, 250: 49.99, 500: 69.99, 1: 89.99}"], "Lat": 36.167285, "Long": -115.075205, "cv_normalized": 0.0824493732}, {"median_cv": 10.81, "block_pricing": ["{100: 49.99, 250: 59.99, 500: 79.99, 1: 99.99}", "{100: 19.99, 250: 29.99, 500: 49.99, 1: 69.99}", "{100: 49.99, 250: 49.99, 500: 69.99, 1: 89.99}"], "Lat": 36.1683955, "Long": -115.068002, "cv_normalized": 0.1099324976}, {"median_cv": 10.24, "block_pricing": ["{100: 19.99, 250: 29.99, 500: 49.99, 1: 69.99}", "{100: 49.99, 250: 59.99, 500: 79.99, 1: 99.99}"], "Lat": 36.163372, "Long": -115.096065, "cv_normalized": 0.0824493732}, {"median_cv": 10.24, "block_pricing": ["{100: 19.99, 250: 29.99, 500: 49.99, 1: 69.99}", "{100: 49.99, 250: 59.99, 500: 79.99, 1: 99.99}", "{100: 49.99, 250: 49.99, 500: 69.99, 1: 89.99}"], "Lat": 36.163419, "Long": -115.087665, "cv_normalized": 0.0824493732}, {"median_cv": 10.24, "block_pricing": ["{100: 49.99, 250: 59.99, 500: 79.99, 1: 99.99}", "{100: 19.99, 250: 29.99, 500: 49.99, 1: 69.99}", "{100: 49.99, 250: 89.99, 500: 99.99, 1: 119.99}", "{100: 49.99, 250: 49.99, 500: 69.99, 1: 89.99}", "{100: 49.99, 250: 69.99, 500: 89.99, 1: 109.99}", "{100: 19.99, 250: 19.99, 500: 39.99, 1: 59.99}"], "Lat": 36.16261, "Long": -115.082999, "cv_normalized": 0.0824493732}, {"median_cv": 10.24, "block_pricing": ["{100: 49.99, 250: 59.99, 500: 79.99, 1: 99.99}", "{100: 19.99, 250: 29.99, 500: 49.99, 1: 69.99}", "{100: 49.99, 250: 49.99, 500: 69.99, 1: 89.99}"], "Lat": 36.163552, "Long": -115.078222, "cv_normalized": 0.0824493732}, {"median_cv": 11.38, "block_pricing": ["{100: 19.99, 250: 29.99, 500: 49.99, 1: 69.99}", "{100: 49.99, 250: 59.99, 500: 79.99, 1: 99.99}", "{100: 49.99, 250: 49.99, 500: 69.99, 1: 89.99}"], "Lat": 36.163492, "Long": -115.074107, "cv_normalized": 0.137415622}, {"median_cv": 10.24, "block_pricing": ["{100: 49.99, 250: 59.99, 500: 79.99, 1: 99.99}", "{100: 19.99, 250: 29.99, 500: 49.99, 1: 69.99}", "{100: 49.99, 250: 89.99, 500: 99.99, 1: 119.99}", "{100: 49.99, 250: 49.99, 500: 69.99, 1: 89.99}"], "Lat": 36.162114, "Long": -115.0670165, "cv_normalized": 0.0824493732}, {"median_cv": 10.24, "block_pricing": ["{100: 19.99, 250: 29.99, 500: 49.99, 1: 69.99}", "{100: 49.99, 250: 59.99, 500: 79.99, 1: 99.99}", "{100: 49.99, 250: 89.99, 500: 99.99, 1: 119.99}"], "Lat": 36.16025, "Long": -115.070815, "cv_normalized": 0.0824493732}, {"median_cv": 29.27, "block_pricing": ["{100: 19.99, 250: 29.99, 500: 49.99, 1: 69.99}", "{100: 19.99, 250: 19.99, 500: 24.99, 1: 34.99}", "{100: 49.99, 250: 49.99, 500: 54.99, 1: 64.99}", "{100: 49.99, 250: 89.99, 500: 99.99, 1: 119.99}", "{100: 49.99, 250: 59.99, 500: 79.99, 1: 99.99}"], "Lat": 36.170754, "Long": -115.12325, "cv_normalized": 1.0}, {"median_cv": 29.27, "block_pricing": ["{100: 19.99, 250: 19.99, 500: 24.99, 1: 34.99}", "{100: 49.99, 250: 89.99, 500: 99.99, 1: 119.99}", "{100: 49.99, 250: 49.99, 500: 54.99, 1: 64.99}"], "Lat": 36.170407, "Long": -115.119316, "cv_normalized": 1.0}, {"median_cv": 10.24, "block_pricing": ["{100: 49.99, 250: 49.99, 500: 54.99, 1: 64.99}", "{100: 49.99, 250: 59.99, 500: 79.99, 1: 99.99}", "{100: 49.99, 250: 89.99, 500: 99.99, 1: 119.99}"], "Lat": 36.160114, "Long": -115.1219575, "cv_normalized": 0.0824493732}, {"median_cv": 29.27, "block_pricing": ["{100: 19.99, 250: 19.99, 500: 24.99, 1: 34.99}", "{100: 19.99, 250: 29.99, 500: 49.99, 1: 69.99}", "{100: 49.99, 250: 89.99, 500: 99.99, 1: 119.99}", "{100: 49.99, 250: 49.99, 500: 54.99, 1: 64.99}"], "Lat": 36.16513, "Long": -115.121819, "cv_normalized": 1.0}, {"median_cv": 29.27, "block_pricing": ["{100: 19.99, 250: 19.99, 500: 24.99, 1: 34.99}", "{100: 19.99, 250: 19.99, 500: 39.99, 1: 59.99}", "{100: 49.99, 250: 49.99, 500: 54.99, 1: 64.99}"], "Lat": 36.164308, "Long": -115.119089, "cv_normalized": 1.0}, {"median_cv": 14.63, "block_pricing": ["{100: 19.99, 250: 29.99, 500: 49.99, 1: 69.99}"], "Lat": 36.16976, "Long": -115.108413, "cv_normalized": 0.2941176471}, {"median_cv": 8.53, "block_pricing": ["{100: 49.99, 250: 89.99, 500: 99.99, 1: 119.99}"], "Lat": 36.171323, "Long": -115.11311, "cv_normalized": 0.0}, {"median_cv": 14.63, "block_pricing": ["{100: 19.99, 250: 29.99, 500: 49.99, 1: 69.99}", "{100: 49.99, 250: 49.99, 500: 69.99, 1: 89.99}", "{100: 19.99, 250: 19.99, 500: 24.99, 1: 34.99}", "{100: 49.99, 250: 89.99, 500: 99.99, 1: 119.99}", "{100: 49.99, 250: 72.49, 500: 82.49, 1: 102.49}"], "Lat": 36.161523, "Long": -115.11254, "cv_normalized": 0.2941176471}, {"median_cv": 14.63, "block_pricing": ["{100: 19.99, 250: 29.99, 500: 49.99, 1: 69.99}", "{100: 49.99, 250: 59.99, 500: 79.99, 1: 99.99}"], "Lat": 36.1801255, "Long": -115.1119975, "cv_normalized": 0.2941176471}, {"median_cv": 10.81, "block_pricing": ["{100: 49.99, 250: 59.99, 500: 79.99, 1: 99.99}", "{100: 19.99, 250: 29.99, 500: 49.99, 1: 69.99}", "{100: 49.99, 250: 49.99, 500: 69.99, 1: 89.99}"], "Lat": 36.184119, "Long": -115.113606, "cv_normalized": 0.1099324976}, {"median_cv": 14.63, "block_pricing": ["{100: 19.99, 250: 29.99, 500: 49.99, 1: 69.99}", "{100: 49.99, 250: 59.99, 500: 79.99, 1: 99.99}"], "Lat": 36.1814925, "Long": -115.1105695, "cv_normalized": 0.2941176471}, {"median_cv": 10.24, "block_pricing": ["{100: 49.99, 250: 59.99, 500: 79.99, 1: 99.99}", "{100: 49.99, 250: 49.99, 500: 69.99, 1: 89.99}", "{100: 19.99, 250: 29.99, 500: 49.99, 1: 69.99}"], "Lat": 36.186579, "Long": -115.1094795, "cv_normalized": 0.0824493732}, {"median_cv": 15.76, "block_pricing": ["{100: 49.99, 250: 49.99, 500: 54.99, 1: 64.99}", "{100: 19.99, 250: 19.99, 500: 24.99, 1: 34.99}", "{100: 49.99, 250: 89.99, 500: 99.99, 1: 119.99}", "{100: 49.99, 250: 59.99, 500: 79.99, 1: 99.99}", "{100: 19.99, 250: 29.99, 500: 49.99, 1: 69.99}"], "Lat": 36.186449, "Long": -115.1029825, "cv_normalized": 0.3486017358}, {"median_cv": 15.76, "block_pricing": ["{100: 49.99, 250: 49.99, 500: 54.99, 1: 64.99}", "{100: 19.99, 250: 29.99, 500: 49.99, 1: 69.99}", "{100: 49.99, 250: 59.99, 500: 79.99, 1: 99.99}", "{100: 19.99, 250: 19.99, 500: 24.99, 1: 34.99}"], "Lat": 36.183126, "Long": -115.1046615, "cv_normalized": 0.3486017358}, {"median_cv": 10.24, "block_pricing": ["{100: 19.99, 250: 29.99, 500: 49.99, 1: 69.99}", "{100: 49.99, 250: 59.99, 500: 79.99, 1: 99.99}", "{100: 49.99, 250: 89.99, 500: 99.99, 1: 119.99}"], "Lat": 36.1818, "Long": -115.086254, "cv_normalized": 0.0824493732}, {"median_cv": 14.63, "block_pricing": ["{100: 19.99, 250: 29.99, 500: 49.99, 1: 69.99}", "{100: 49.99, 250: 89.99, 500: 99.99, 1: 119.99}", "{100: 49.99, 250: 59.99, 500: 79.99, 1: 99.99}", "{100: 19.99, 250: 19.99, 500: 39.99, 1: 59.99}", "{100: 49.99, 250: 49.99, 500: 69.99, 1: 89.99}", "{100: 49.99, 250: 49.99, 500: 54.99, 1: 64.99}", "{100: 19.99, 250: 19.99, 500: 24.99, 1: 34.99}"], "Lat": 36.1846935, "Long": -115.095663, "cv_normalized": 0.2941176471}, {"median_cv": 11.38, "block_pricing": ["{100: 49.99, 250: 49.99, 500: 54.99, 1: 64.99}", "{100: 19.99, 250: 19.99, 500: 24.99, 1: 34.99}", "{100: 49.99, 250: 59.99, 500: 79.99, 1: 99.99}", "{100: 49.99, 250: 49.99, 500: 69.99, 1: 89.99}", "{100: 49.99, 250: 89.99, 500: 99.99, 1: 119.99}", "{100: 19.99, 250: 29.99, 500: 49.99, 1: 69.99}"], "Lat": 36.184058, "Long": -115.092593, "cv_normalized": 0.137415622}, {"median_cv": 14.63, "block_pricing": ["{100: 19.99, 250: 29.99, 500: 49.99, 1: 69.99}"], "Lat": 36.186854, "Long": -115.087119, "cv_normalized": 0.2941176471}, {"median_cv": 14.63, "block_pricing": ["{100: 49.99, 250: 89.99, 500: 99.99, 1: 119.99}", "{100: 19.99, 250: 29.99, 500: 49.99, 1: 69.99}", "{100: 19.99, 250: 19.99, 500: 39.99, 1: 59.99}", "{100: 49.99, 250: 59.99, 500: 79.99, 1: 99.99}"], "Lat": 36.1871935, "Long": -115.0849575, "cv_normalized": 0.2941176471}, {"median_cv": 15.195, "block_pricing": ["{100: 19.99, 250: 19.99, 500: 24.99, 1: 34.99}", "{100: 19.99, 250: 29.99, 500: 49.99, 1: 69.99}", "{100: 19.99, 250: 19.99, 500: 39.99, 1: 59.99}", "{100: 49.99, 250: 59.99, 500: 79.99, 1: 99.99}", "{100: 49.99, 250: 49.99, 500: 54.99, 1: 64.99}"], "Lat": 36.1651305, "Long": -115.1271085, "cv_normalized": 0.3213596914}, {"median_cv": 15.76, "block_pricing": ["{100: 19.99, 250: 19.99, 500: 24.99, 1: 34.99}", "{100: 49.99, 250: 49.99, 500: 54.99, 1: 64.99}", "{100: 19.99, 250: 29.99, 500: 49.99, 1: 69.99}"], "Lat": 36.160952, "Long": -115.128331, "cv_normalized": 0.3486017358}, {"median_cv": 12.435, "block_pricing": ["{100: 19.99, 250: 29.99, 500: 49.99, 1: 69.99}", "{100: 49.99, 250: 59.99, 500: 79.99, 1: 99.99}"], "Lat": 36.165229, "Long": -115.1339535, "cv_normalized": 0.1882835101}, {"median_cv": 11.38, "block_pricing": ["{100: 19.99, 250: 29.99, 500: 49.99, 1: 69.99}", "{100: 49.99, 250: 49.99, 500: 69.99, 1: 89.99}"], "Lat": 36.164218, "Long": -115.137037, "cv_normalized": 0.137415622}, {"median_cv": 14.63, "block_pricing": ["{100: 19.99, 250: 29.99, 500: 49.99, 1: 69.99}"], "Lat": 36.161435, "Long": -115.137384, "cv_normalized": 0.2941176471}, {"median_cv": 15.76, "block_pricing": ["{100: 49.99, 250: 49.99, 500: 54.99, 1: 64.99}"], "Lat": 36.161754, "Long": -115.148027, "cv_normalized": 0.3486017358}, {"median_cv": 10.24, "block_pricing": ["{100: 49.99, 250: 59.99, 500: 79.99, 1: 99.99}", "{100: 49.99, 250: 89.99, 500: 99.99, 1: 119.99}", "{100: 49.99, 250: 49.99, 500: 69.99, 1: 89.99}"], "Lat": 36.152884, "Long": -115.220689, "cv_normalized": 0.0824493732}, {"median_cv": 15.76, "block_pricing": ["{100: 49.99, 250: 49.99, 500: 54.99, 1: 64.99}", "{100: 19.99, 250: 19.99, 500: 24.99, 1: 34.99}", "{100: 49.99, 250: 89.99, 500: 99.99, 1: 119.99}"], "Lat": 36.155075, "Long": -115.211792, "cv_normalized": 0.3486017358}, {"median_cv": 10.24, "block_pricing": ["{100: 49.99, 250: 59.99, 500: 79.99, 1: 99.99}", "{100: 49.99, 250: 79.99, 500: 89.99, 1: 109.99}"], "Lat": 36.149686, "Long": -115.214916, "cv_normalized": 0.0824493732}, {"median_cv": 11.58, "block_pricing": ["{100: 49.99, 250: 89.99, 500: 99.99, 1: 119.99}", "{100: 19.99, 250: 29.99, 500: 49.99, 1: 69.99}"], "Lat": 36.153779, "Long": -115.2014715, "cv_normalized": 0.1470588235}, {"median_cv": 14.63, "block_pricing": ["{100: 19.99, 250: 29.99, 500: 49.99, 1: 69.99}"], "Lat": 36.152258, "Long": -115.1950095, "cv_normalized": 0.2941176471}, {"median_cv": 15.76, "block_pricing": ["{100: 19.99, 250: 19.99, 500: 24.99, 1: 34.99}", "{100: 49.99, 250: 49.99, 500: 54.99, 1: 64.99}"], "Lat": 36.156354, "Long": -115.187477, "cv_normalized": 0.3486017358}, {"median_cv": 15.76, "block_pricing": ["{100: 19.99, 250: 19.99, 500: 24.99, 1: 34.99}", "{100: 49.99, 250: 49.99, 500: 54.99, 1: 64.99}", "{100: 49.99, 250: 59.99, 500: 79.99, 1: 99.99}", "{100: 49.99, 250: 49.99, 500: 69.99, 1: 89.99}", "{100: 49.99, 250: 89.99, 500: 99.99, 1: 119.99}"], "Lat": 36.1501525, "Long": -115.2017515, "cv_normalized": 0.3486017358}, {"median_cv": 15.76, "block_pricing": ["{100: 49.99, 250: 49.99, 500: 54.99, 1: 64.99}", "{100: 49.99, 250: 89.99, 500: 99.99, 1: 119.99}", "{100: 19.99, 250: 19.99, 500: 24.99, 1: 34.99}"], "Lat": 36.148455, "Long": -115.197688, "cv_normalized": 0.3486017358}, {"median_cv": 15.76, "block_pricing": ["{100: 49.99, 250: 49.99, 500: 54.99, 1: 64.99}", "{100: 19.99, 250: 19.99, 500: 24.99, 1: 34.99}", "{100: 49.99, 250: 59.99, 500: 79.99, 1: 99.99}"], "Lat": 36.149383, "Long": -115.1927305, "cv_normalized": 0.3486017358}, {"median_cv": 10.24, "block_pricing": ["{100: 49.99, 250: 59.99, 500: 79.99, 1: 99.99}", "{100: 49.99, 250: 89.99, 500: 99.99, 1: 119.99}", "{100: 49.99, 250: 49.99, 500: 69.99, 1: 89.99}", "{100: 49.99, 250: 49.99, 500: 54.99, 1: 64.99}", "{100: 19.99, 250: 29.99, 500: 49.99, 1: 69.99}", "{100: 19.99, 250: 19.99, 500: 39.99, 1: 59.99}"], "Lat": 36.170589, "Long": -115.178096, "cv_normalized": 0.0824493732}, {"median_cv": 10.24, "block_pricing": ["{100: 49.99, 250: 59.99, 500: 79.99, 1: 99.99}", "{100: 49.99, 250: 49.99, 500: 69.99, 1: 89.99}", "{100: 49.99, 250: 49.99, 500: 54.99, 1: 64.99}", "{100: 49.99, 250: 89.99, 500: 99.99, 1: 119.99}", "{100: 19.99, 250: 29.99, 500: 49.99, 1: 69.99}"], "Lat": 36.164036, "Long": -115.1838845, "cv_normalized": 0.0824493732}, {"median_cv": 15.76, "block_pricing": ["{100: 49.99, 250: 49.99, 500: 54.99, 1: 64.99}", "{100: 49.99, 250: 89.99, 500: 99.99, 1: 119.99}"], "Lat": 36.1557435, "Long": -115.1787925, "cv_normalized": 0.3486017358}, {"median_cv": 15.76, "block_pricing": ["{100: 49.99, 250: 49.99, 500: 54.99, 1: 64.99}", "{100: 19.99, 250: 29.99, 500: 49.99, 1: 69.99}"], "Lat": 36.150599, "Long": -115.187487, "cv_normalized": 0.3486017358}, {"median_cv": 10.24, "block_pricing": ["{100: 49.99, 250: 59.99, 500: 79.99, 1: 99.99}", "{100: 49.99, 250: 49.99, 500: 54.99, 1: 64.99}", "{100: 49.99, 250: 89.99, 500: 99.99, 1: 119.99}", "{100: 19.99, 250: 29.99, 500: 49.99, 1: 69.99}"], "Lat": 36.148503, "Long": -115.176876, "cv_normalized": 0.0824493732}, {"median_cv": 17.07, "block_pricing": ["{100: 19.99, 250: 19.99, 500: 39.99, 1: 59.99}"], "Lat": 36.146281, "Long": -115.15987, "cv_normalized": 0.4117647059}, {"median_cv": 15.76, "block_pricing": ["{100: 49.99, 250: 49.99, 500: 54.99, 1: 64.99}"], "Lat": 36.1560375, "Long": -115.1442225, "cv_normalized": 0.3486017358}, {"median_cv": 15.76, "block_pricing": ["{100: 49.99, 250: 49.99, 500: 54.99, 1: 64.99}"], "Lat": 36.149006, "Long": -115.145479, "cv_normalized": 0.3486017358}, {"median_cv": 15.76, "block_pricing": ["{100: 49.99, 250: 49.99, 500: 54.99, 1: 64.99}", "{100: 49.99, 250: 89.99, 500: 99.99, 1: 119.99}", "{100: 19.99, 250: 19.99, 500: 24.99, 1: 34.99}"], "Lat": 36.155545, "Long": -115.130741, "cv_normalized": 0.3486017358}, {"median_cv": 15.76, "block_pricing": ["{100: 49.99, 250: 49.99, 500: 54.99, 1: 64.99}", "{100: 19.99, 250: 19.99, 500: 24.99, 1: 34.99}", "{100: 49.99, 250: 89.99, 500: 99.99, 1: 119.99}"], "Lat": 36.148626, "Long": -115.130209, "cv_normalized": 0.3486017358}, {"median_cv": 15.76, "block_pricing": ["{100: 19.99, 250: 19.99, 500: 24.99, 1: 34.99}", "{100: 49.99, 250: 49.99, 500: 54.99, 1: 64.99}"], "Lat": 36.148617, "Long": -115.134768, "cv_normalized": 0.3486017358}, {"median_cv": 15.76, "block_pricing": ["{100: 19.99, 250: 19.99, 500: 24.99, 1: 34.99}", "{100: 49.99, 250: 49.99, 500: 54.99, 1: 64.99}", "{100: 49.99, 250: 89.99, 500: 99.99, 1: 119.99}"], "Lat": 36.152517, "Long": -115.138696, "cv_normalized": 0.3486017358}, {"median_cv": 15.76, "block_pricing": ["{100: 19.99, 250: 19.99, 500: 24.99, 1: 34.99}", "{100: 49.99, 250: 49.99, 500: 54.99, 1: 64.99}", "{100: 49.99, 250: 89.99, 500: 99.99, 1: 119.99}"], "Lat": 36.156734, "Long": -115.136211, "cv_normalized": 0.3486017358}, {"median_cv": 29.27, "block_pricing": ["{100: 49.99, 250: 49.99, 500: 54.99, 1: 64.99}", "{100: 19.99, 250: 19.99, 500: 24.99, 1: 34.99}", "{100: 49.99, 250: 89.99, 500: 99.99, 1: 119.99}"], "Lat": 36.1557335, "Long": -115.1183295, "cv_normalized": 1.0}, {"median_cv": 15.76, "block_pricing": ["{100: 49.99, 250: 49.99, 500: 54.99, 1: 64.99}", "{100: 19.99, 250: 19.99, 500: 24.99, 1: 34.99}"], "Lat": 36.153299, "Long": -115.1230505, "cv_normalized": 0.3486017358}, {"median_cv": 29.27, "block_pricing": ["{100: 49.99, 250: 89.99, 500: 99.99, 1: 119.99}", "{100: 19.99, 250: 19.99, 500: 24.99, 1: 34.99}", "{100: 49.99, 250: 49.99, 500: 54.99, 1: 64.99}"], "Lat": 36.150615, "Long": -115.114666, "cv_normalized": 1.0}, {"median_cv": 15.76, "block_pricing": ["{100: 19.99, 250: 19.99, 500: 24.99, 1: 34.99}", "{100: 49.99, 250: 49.99, 500: 54.99, 1: 64.99}"], "Lat": 36.1506585, "Long": -115.121218, "cv_normalized": 0.3486017358}, {"median_cv": 29.27, "block_pricing": ["{100: 49.99, 250: 49.99, 500: 54.99, 1: 64.99}", "{100: 19.99, 250: 19.99, 500: 24.99, 1: 34.99}", "{100: 49.99, 250: 89.99, 500: 99.99, 1: 119.99}"], "Lat": 36.1487235, "Long": -115.108575, "cv_normalized": 1.0}, {"median_cv": 14.63, "block_pricing": ["{100: 49.99, 250: 49.99, 500: 54.99, 1: 64.99}", "{100: 49.99, 250: 59.99, 500: 79.99, 1: 99.99}", "{100: 19.99, 250: 29.99, 500: 49.99, 1: 69.99}"], "Lat": 36.150874, "Long": -115.092816, "cv_normalized": 0.2941176471}, {"median_cv": 29.27, "block_pricing": ["{100: 19.99, 250: 19.99, 500: 24.99, 1: 34.99}", "{100: 49.99, 250: 49.99, 500: 54.99, 1: 64.99}"], "Lat": 36.157061, "Long": -115.09489, "cv_normalized": 1.0}, {"median_cv": 10.24, "block_pricing": ["{100: 49.99, 250: 59.99, 500: 79.99, 1: 99.99}", "{100: 19.99, 250: 29.99, 500: 49.99, 1: 69.99}", "{100: 49.99, 250: 89.99, 500: 99.99, 1: 119.99}", "{100: 49.99, 250: 49.99, 500: 69.99, 1: 89.99}"], "Lat": 36.12809, "Long": -115.071723, "cv_normalized": 0.0824493732}, {"median_cv": 10.24, "block_pricing": ["{100: 49.99, 250: 89.99, 500: 99.99, 1: 119.99}", "{100: 49.99, 250: 59.99, 500: 79.99, 1: 99.99}", "{100: 19.99, 250: 29.99, 500: 49.99, 1: 69.99}"], "Lat": 36.1239225, "Long": -115.069278, "cv_normalized": 0.0824493732}, {"median_cv": 15.76, "block_pricing": ["{100: 19.99, 250: 19.99, 500: 24.99, 1: 34.99}", "{100: 49.99, 250: 49.99, 500: 54.99, 1: 64.99}", "{100: 49.99, 250: 59.99, 500: 79.99, 1: 99.99}", "{100: 19.99, 250: 29.99, 500: 49.99, 1: 69.99}"], "Lat": 36.138294, "Long": -115.0855555, "cv_normalized": 0.3486017358}, {"median_cv": 14.63, "block_pricing": ["{100: 19.99, 250: 29.99, 500: 49.99, 1: 69.99}"], "Lat": 36.143872, "Long": -115.096153, "cv_normalized": 0.2941176471}, {"median_cv": 10.24, "block_pricing": ["{100: 49.99, 250: 49.99, 500: 69.99, 1: 89.99}", "{100: 49.99, 250: 59.99, 500: 79.99, 1: 99.99}", "{100: 49.99, 250: 49.99, 500: 54.99, 1: 64.99}"], "Lat": 36.156402, "Long": -115.0874785, "cv_normalized": 0.0824493732}, {"median_cv": 10.24, "block_pricing": ["{100: 49.99, 250: 59.99, 500: 79.99, 1: 99.99}", "{100: 19.99, 250: 29.99, 500: 49.99, 1: 69.99}", "{100: 49.99, 250: 49.99, 500: 69.99, 1: 89.99}", "{100: 49.99, 250: 49.99, 500: 54.99, 1: 64.99}", "{100: 49.99, 250: 89.99, 500: 99.99, 1: 119.99}"], "Lat": 36.154241, "Long": -115.08595, "cv_normalized": 0.0824493732}, {"median_cv": 10.24, "block_pricing": ["{100: 19.99, 250: 29.99, 500: 49.99, 1: 69.99}", "{100: 49.99, 250: 59.99, 500: 79.99, 1: 99.99}", "{100: 49.99, 250: 49.99, 500: 69.99, 1: 89.99}", "{100: 49.99, 250: 49.99, 500: 54.99, 1: 64.99}"], "Lat": 36.148971, "Long": -115.084443, "cv_normalized": 0.0824493732}, {"median_cv": 10.24, "block_pricing": ["{100: 49.99, 250: 59.99, 500: 79.99, 1: 99.99}", "{100: 19.99, 250: 29.99, 500: 49.99, 1: 69.99}", "{100: 49.99, 250: 49.99, 500: 69.99, 1: 89.99}", "{100: 49.99, 250: 49.99, 500: 54.99, 1: 64.99}"], "Lat": 36.147855, "Long": -115.0895855, "cv_normalized": 0.0824493732}, {"median_cv": 10.24, "block_pricing": ["{100: 19.99, 250: 29.99, 500: 49.99, 1: 69.99}", "{100: 49.99, 250: 49.99, 500: 54.99, 1: 64.99}", "{100: 49.99, 250: 59.99, 500: 79.99, 1: 99.99}", "{100: 49.99, 250: 89.99, 500: 99.99, 1: 119.99}", "{100: 19.99, 250: 19.99, 500: 24.99, 1: 34.99}", "{100: 49.99, 250: 49.99, 500: 69.99, 1: 89.99}"], "Lat": 36.1536195, "Long": -115.0774365, "cv_normalized": 0.0824493732}, {"median_cv": 15.76, "block_pricing": ["{100: 49.99, 250: 49.99, 500: 54.99, 1: 64.99}", "{100: 19.99, 250: 19.99, 500: 24.99, 1: 34.99}", "{100: 49.99, 250: 89.99, 500: 99.99, 1: 119.99}", "{100: 49.99, 250: 59.99, 500: 79.99, 1: 99.99}"], "Lat": 36.1486415, "Long": -115.0786985, "cv_normalized": 0.3486017358}, {"median_cv": 15.76, "block_pricing": ["{100: 49.99, 250: 49.99, 500: 54.99, 1: 64.99}", "{100: 19.99, 250: 19.99, 500: 24.99, 1: 34.99}", "{100: 19.99, 250: 29.99, 500: 49.99, 1: 69.99}"], "Lat": 36.155225, "Long": -115.067798, "cv_normalized": 0.3486017358}, {"median_cv": 22.515, "block_pricing": ["{100: 49.99, 250: 49.99, 500: 54.99, 1: 64.99}", "{100: 49.99, 250: 59.99, 500: 79.99, 1: 99.99}", "{100: 19.99, 250: 19.99, 500: 24.99, 1: 34.99}", "{100: 49.99, 250: 89.99, 500: 99.99, 1: 119.99}"], "Lat": 36.1487775, "Long": -115.070072, "cv_normalized": 0.6743008679}, {"median_cv": 29.27, "block_pricing": ["{100: 19.99, 250: 19.99, 500: 24.99, 1: 34.99}", "{100: 49.99, 250: 49.99, 500: 54.99, 1: 64.99}", "{100: 49.99, 250: 89.99, 500: 99.99, 1: 119.99}"], "Lat": 36.155434, "Long": -115.0722165, "cv_normalized": 1.0}, {"median_cv": 9.75, "block_pricing": ["{100: 49.99, 250: 74.99, 500: 84.99, 1: 104.99}"], "Lat": 36.139785, "Long": -115.068353, "cv_normalized": 0.0588235294}, {"median_cv": 8.53, "block_pricing": ["{100: 49.99, 250: 89.99, 500: 99.99, 1: 11