[{"median_cv": 14.63, "block_pricing": ["{100: 49.99, 250: 49.99, 500: 59.99, 1: 69.99}", "{100: 19.99, 250: 19.99, 500: 29.99, 1: 39.99}", "{100: 49.99, 250: 89.99, 500: 99.99, 1: 119.99}", "{100: 49.99, 250: 49.99, 500: 69.99, 1: 99.99}"], "Lat": 29.952975, "Long": -90.048686, "cv_normalized": 0.3571428571}, {"median_cv": 14.63, "block_pricing": ["{100: 49.99, 250: 49.99, 500: 59.99, 1: 69.99}", "{100: 19.99, 250: 19.99, 500: 29.99, 1: 39.99}", "{100: 49.99, 250: 79.99, 500: 89.99, 1: 109.99}", "{100: 49.99, 250: 89.99, 500: 99.99, 1: 119.99}", "{100: 49.99, 250: 49.99, 500: 69.99, 1: 99.99}"], "Lat": 29.949975, "Long": -90.0496665, "cv_normalized": 0.3571428571}, {"median_cv": 14.63, "block_pricing": ["{100: 49.99, 250: 49.99, 500: 59.99, 1: 69.99}", "{100: 49.99, 250: 62.49, 500: 72.49, 1: 92.49}", "{100: 19.99, 250: 19.99, 500: 29.99, 1: 39.99}", "{100: 49.99, 250: 89.99, 500: 99.99, 1: 119.99}"], "Lat": 29.952655, "Long": -90.0530115, "cv_normalized": 0.3571428571}, {"median_cv": 14.63, "block_pricing": ["{100: 49.99, 250: 49.99, 500: 59.99, 1: 69.99}", "{100: 49.99, 250: 89.99, 500: 99.99, 1: 119.99}", "{100: 19.99, 250: 19.99, 500: 29.99, 1: 39.99}", "{100: 49.99, 250: 62.49, 500: 72.49, 1: 92.49}"], "Lat": 29.947086, "Long": -90.047568, "cv_normalized": 0.3571428571}, {"median_cv": 14.63, "block_pricing": ["{100: 19.99, 250: 19.99, 500: 29.99, 1: 39.99}", "{100: 49.99, 250: 49.99, 500: 59.99, 1: 69.99}", "{100: 49.99, 250: 89.99, 500: 99.99, 1: 119.99}", "{100: 49.99, 250: 54.99, 500: 64.99, 1: 84.99}"], "Lat": 29.946099, "Long": -90.052422, "cv_normalized": 0.3571428571}, {"median_cv": 14.63, "block_pricing": ["{100: 19.99, 250: 19.99, 500: 39.99, 1: 69.99}", "{100: 49.99, 250: 49.99, 500: 69.99, 1: 89.99}", "{100: 19.99, 250: 19.99, 500: 39.99, 1: 59.99}", "{100: 49.99, 250: 49.99, 500: 69.99, 1: 99.99}", "{100: 49.99, 250: 89.99, 500: 99.99, 1: 119.99}", "{100: 19.99, 250: 19.99, 500: 29.99, 1: 39.99}", "{100: 49.99, 250: 49.99, 500: 59.99, 1: 69.99}"], "Lat": 29.943546, "Long": -90.0491805, "cv_normalized": 0.3571428571}, {"median_cv": 14.63, "block_pricing": ["{100: 49.99, 250: 49.99, 500: 69.99, 1: 99.99}", "{100: 19.99, 250: 19.99, 500: 39.99, 1: 69.99}", "{100: 49.99, 250: 89.99, 500: 99.99, 1: 119.99}", "{100: 19.99, 250: 19.99, 500: 39.99, 1: 59.99}", "{100: 49.99, 250: 49.99, 500: 69.99, 1: 89.99}", "{100: 19.99, 250: 19.99, 500: 29.99, 1: 39.99}", "{100: 49.99, 250: 49.99, 500: 59.99, 1: 69.99}"], "Lat": 29.939499, "Long": -90.048524, "cv_normalized": 0.3571428571}, {"median_cv": 14.63, "block_pricing": ["{100: 49.99, 250: 49.99, 500: 59.99, 1: 69.99}", "{100: 19.99, 250: 19.99, 500: 29.99, 1: 39.99}", "{100: 49.99, 250: 89.99, 500: 99.99, 1: 119.99}", "{100: 19.99, 250: 19.99, 500: 39.99, 1: 69.99}", "{100: 49.99, 250: 49.99, 500: 69.99, 1: 99.99}", "{100: 49.99, 250: 49.99, 500: 69.99, 1: 89.99}", "{100: 19.99, 250: 19.99, 500: 39.99, 1: 59.99}"], "Lat": 29.951337, "Long": -90.042111, "cv_normalized": 0.3571428571}, {"median_cv": 14.63, "block_pricing": ["{100: 19.99, 250: 19.99, 500: 39.99, 1: 69.99}", "{100: 49.99, 250: 49.99, 500: 69.99, 1: 99.99}", "{100: 19.99, 250: 19.99, 500: 39.99, 1: 59.99}", "{100: 49.99, 250: 49.99, 500: 69.99, 1: 89.99}", "{100: 49.99, 250: 89.99, 500: 99.99, 1: 119.99}", "{100: 49.99, 250: 84.99, 500: 94.99, 1: 114.99}", "{100: 19.99, 250: 19.99, 500: 29.99, 1: 39.99}", "{100: 49.99, 250: 49.99, 500: 59.99, 1: 69.99}"], "Lat": 29.943848, "Long": -90.041996, "cv_normalized": 0.3571428571}, {"median_cv": 14.63, "block_pricing": ["{100: 19.99, 250: 19.99, 500: 39.99, 1: 69.99}", "{100: 19.99, 250: 19.99, 500: 39.99, 1: 59.99}", "{100: 49.99, 250: 89.99, 500: 99.99, 1: 119.99}", "{100: 49.99, 250: 49.99, 500: 69.99, 1: 89.99}", "{100: 49.99, 250: 89.99}", "{100: 19.99, 250: 19.99, 500: 29.99, 1: 39.99}", "{100: 49.99, 250: 49.99, 500: 59.99, 1: 69.99}"], "Lat": 29.9348795, "Long": -90.040738, "cv_normalized": 0.3571428571}, {"median_cv": 14.63, "block_pricing": ["{100: 49.99, 250: 49.99, 500: 69.99, 1: 89.99}", "{100: 19.99, 250: 19.99, 500: 39.99, 1: 69.99}", "{100: 49.99, 250: 49.99, 500: 69.99, 1: 99.99}", "{100: 19.99, 250: 19.99, 500: 39.99, 1: 59.99}"], "Lat": 29.930099, "Long": -90.040372, "cv_normalized": 0.3571428571}, {"median_cv": 14.63, "block_pricing": ["{100: 49.99, 250: 49.99, 500: 59.99, 1: 69.99}", "{100: 19.99, 250: 19.99, 500: 39.99, 1: 69.99}", "{100: 19.99, 250: 19.99, 500: 39.99, 1: 59.99}", "{100: 49.99, 250: 49.99, 500: 69.99, 1: 89.99}", "{100: 49.99, 250: 49.99, 500: 69.99, 1: 99.99}", "{100: 49.99, 250: 89.99, 500: 99.99, 1: 119.99}"], "Lat": 29.9372905, "Long": -90.031878, "cv_normalized": 0.3571428571}, {"median_cv": 14.63, "block_pricing": ["{100: 49.99, 250: 49.99, 500: 59.99, 1: 69.99}", "{100: 19.99, 250: 19.99, 500: 29.99, 1: 39.99}", "{100: 49.99, 250: 49.99, 500: 69.99, 1: 89.99}", "{100: 49.99, 250: 49.99, 500: 69.99, 1: 99.99}", "{100: 19.99, 250: 19.99, 500: 39.99, 1: 59.99}", "{100: 19.99, 250: 19.99, 500: 39.99, 1: 69.99}", "{100: 49.99, 250: 89.99, 500: 99.99, 1: 119.99}"], "Lat": 29.936765, "Long": -90.033846, "cv_normalized": 0.3571428571}, {"median_cv": 25.61, "block_pricing": ["{100: 19.99, 250: 19.99, 500: 29.99, 1: 39.99}", "{100: 19.99, 250: 19.99, 500: 39.99, 1: 59.99}", "{100: 49.99, 250: 49.99, 500: 59.99, 1: 69.99}", "{100: 19.99, 250: 19.99, 500: 39.99, 1: 69.99}", "{100: 49.99, 250: 89.99, 500: 99.99, 1: 119.99}", "{100: 49.99, 250: 79.99, 500: 89.99, 1: 109.99}", "{100: 49.99, 250: 49.99, 500: 69.99, 1: 99.99}"], "Lat": 29.941444, "Long": -90.036641, "cv_normalized": 1.0}, {"median_cv": 14.63, "block_pricing": ["{100: 19.99, 250: 19.99, 500: 39.99, 1: 69.99}", "{100: 19.99, 250: 19.99, 500: 39.99, 1: 59.99}"], "Lat": 29.9292725, "Long": -90.0231695, "cv_normalized": 0.3571428571}, {"median_cv": 14.63, "block_pricing": ["{100: 19.99, 250: 19.99, 500: 39.99, 1: 69.99}", "{100: 49.99, 250: 49.99, 500: 69.99, 1: 89.99}"], "Lat": 29.9330585, "Long": -90.0233625, "cv_normalized": 0.3571428571}, {"median_cv": 14.63, "block_pricing": ["{100: 49.99, 250: 49.99, 500: 69.99, 1: 99.99}", "{100: 19.99, 250: 19.99, 500: 39.99, 1: 69.99}", "{100: 19.99, 250: 19.99, 500: 39.99, 1: 59.99}", "{100: 49.99, 250: 49.99, 500: 69.99, 1: 89.99}", "{100: 49.99, 250: 89.99, 500: 99.99, 1: 119.99}", "{100: 49.99, 250: 62.49, 500: 72.49, 1: 92.49}", "{100: 49.99, 250: 89.99, 500: 99.99, 1: 119.99, 2: 149.99}"], "Lat": 29.937906, "Long": -90.022181, "cv_normalized": 0.3571428571}, {"median_cv": 10.24, "block_pricing": ["{100: 49.99, 250: 49.99, 500: 69.99, 1: 89.99}", "{100: 19.99, 250: 19.99, 500: 39.99, 1: 59.99}", "{100: 49.99, 250: 49.99, 500: 69.99, 1: 99.99}", "{100: 19.99, 250: 19.99, 500: 39.99, 1: 69.99}", "{100: 49.99, 250: 89.99, 500: 99.99, 1: 119.99}"], "Lat": 29.931546, "Long": -90.016966, "cv_normalized": 0.100117096}, {"median_cv": 13.005, "block_pricing": ["{100: 19.99, 250: 19.99, 500: 39.99, 1: 59.99}", "{100: 19.99, 250: 19.99, 500: 39.99, 1: 69.99}", "{100: 49.99, 250: 49.99, 500: 69.99, 1: 99.99}", "{100: 49.99, 250: 49.99, 500: 69.99, 1: 89.99}", "{100: 49.99, 250: 89.99, 500: 99.99, 1: 119.99}", "{100: 49.99, 250: 49.99, 500: 59.99, 1: 69.99}"], "Lat": 29.935362, "Long": -90.0251735, "cv_normalized": 0.2620023419}, {"median_cv": 11.38, "block_pricing": ["{100: 49.99, 250: 49.99, 500: 69.99, 1: 99.99}", "{100: 19.99, 250: 19.99, 500: 39.99, 1: 59.99}", "{100: 19.99, 250: 19.99, 500: 39.99, 1: 69.99}", "{100: 49.99, 250: 49.99, 500: 69.99, 1: 89.99}"], "Lat": 29.941318, "Long": -90.018798, "cv_normalized": 0.1668618267}, {"median_cv": 14.63, "block_pricing": ["{100: 19.99, 250: 19.99, 500: 39.99, 1: 69.99}", "{100: 19.99, 250: 19.99, 500: 39.99, 1: 59.99}", "{100: 49.99, 250: 49.99, 500: 69.99, 1: 99.99}", "{100: 49.99, 250: 49.99, 500: 69.99, 1: 89.99}"], "Lat": 29.9442505, "Long": -90.0237515, "cv_normalized": 0.3571428571}, {"median_cv": 14.63, "block_pricing": ["{100: 49.99, 250: 49.99, 500: 69.99, 1: 99.99}", "{100: 19.99, 250: 19.99, 500: 39.99, 1: 69.99}"], "Lat": 29.946151, "Long": -90.038471, "cv_normalized": 0.3571428571}, {"median_cv": 10.24, "block_pricing": ["{100: 49.99, 250: 49.99, 500: 69.99, 1: 99.99}", "{100: 49.99, 250: 49.99, 500: 69.99, 1: 89.99}", "{100: 19.99, 250: 19.99, 500: 39.99, 1: 69.99}", "{100: 49.99, 250: 49.99, 500: 59.99, 1: 69.99}", "{100: 49.99, 250: 89.99, 500: 99.99, 1: 119.99, 2: 149.99}"], "Lat": 29.9356065, "Long": -90.005336, "cv_normalized": 0.100117096}, {"median_cv": 14.63, "block_pricing": ["{100: 49.99, 250: 49.99, 500: 59.99, 1: 69.99}", "{100: 49.99, 250: 49.99, 500: 69.99, 1: 99.99}", "{100: 19.99, 250: 19.99, 500: 39.99, 1: 69.99}", "{100: 49.99, 250: 49.99, 500: 69.99, 1: 89.99}", "{100: 19.99, 250: 19.99, 500: 29.99, 1: 39.99}", "{100: 49.99, 250: 89.99, 500: 99.99, 1: 119.99}"], "Lat": 29.926773, "Long": -90.007543, "cv_normalized": 0.3571428571}, {"median_cv": 14.63, "block_pricing": ["{100: 49.99, 250: 49.99, 500: 59.99, 1: 69.99}", "{100: 49.99, 250: 49.99, 500: 69.99, 1: 99.99}", "{100: 19.99, 250: 19.99, 500: 29.99, 1: 39.99}", "{100: 49.99, 250: 49.99, 500: 69.99, 1: 89.99}"], "Lat": 29.9326455, "Long": -90.0110425, "cv_normalized": 0.3571428571}, {"median_cv": 14.63, "block_pricing": ["{100: 49.99, 250: 49.99, 500: 59.99, 1: 69.99}", "{100: 19.99, 250: 19.99, 500: 29.99, 1: 39.99}", "{100: 49.99, 250: 89.99, 500: 99.99, 1: 119.99}", "{100: 49.99, 250: 49.99, 500: 69.99, 1: 99.99}", "{100: 49.99, 250: 72.49, 500: 82.49, 1: 102.49}"], "Lat": 29.923064, "Long": -89.988973, "cv_normalized": 0.3571428571}, {"median_cv": 14.63, "block_pricing": ["{100: 49.99, 250: 49.99, 500: 59.99, 1: 69.99}", "{100: 49.99, 250: 49.99, 500: 69.99, 1: 99.99}", "{100: 49.99, 250: 62.49, 500: 72.49, 1: 92.49}", "{100: 19.99, 250: 19.99, 500: 29.99, 1: 39.99}", "{100: 49.99, 250: 72.49, 500: 82.49, 1: 102.49}", "{100: 49.99, 250: 89.99, 500: 99.99, 1: 119.99}", "{100: 49.99, 250: 49.99, 500: 69.99, 1: 89.99}", "{100: 19.99, 250: 19.99, 500: 39.99, 1: 69.99}"], "Lat": 29.925261, "Long": -89.994901, "cv_normalized": 0.3571428571}, {"median_cv": 14.63, "block_pricing": ["{100: 49.99, 250: 49.99, 500: 69.99, 1: 99.99}", "{100: 49.99, 250: 49.99, 500: 69.99, 1: 89.99}", "{100: 19.99, 250: 19.99, 500: 39.99, 1: 69.99}", "{100: 19.99, 250: 19.99, 500: 39.99, 1: 59.99}", "{100: 49.99, 250: 89.99, 500: 99.99, 1: 119.99}", "{100: 49.99, 250: 62.49, 500: 72.49, 1: 92.49}", "{100: 49.99, 250: 49.99, 500: 59.99, 1: 69.99}", "{100: 19.99, 250: 19.99, 500: 29.99, 1: 39.99}", "{100: 49.99, 250: 82.49, 500: 92.49, 1: 112.49}"], "Lat": 29.927695, "Long": -90.000947, "cv_normalized": 0.3571428571}, {"median_cv": 13.005, "block_pricing": ["{100: 49.99, 250: 89.99, 500: 99.99, 1: 119.99}", "{100: 49.99, 250: 49.99, 500: 69.99, 1: 89.99}", "{100: 19.99, 250: 19.99, 500: 39.99, 1: 59.99}", "{100: 19.99, 250: 19.99, 500: 39.99, 1: 69.99}", "{100: 49.99, 250: 49.99, 500: 69.99, 1: 99.99}"], "Lat": 29.919752, "Long": -89.9812605, "cv_normalized": 0.2620023419}, {"median_cv": 14.63, "block_pricing": ["{100: 19.99, 250: 19.99, 500: 39.99, 1: 69.99}", "{100: 49.99, 250: 49.99, 500: 69.99, 1: 99.99}", "{100: 49.99, 250: 49.99, 500: 69.99, 1: 89.99}", "{100: 19.99, 250: 19.99, 500: 39.99, 1: 59.99}", "{100: 49.99, 250: 62.49, 500: 72.49, 1: 92.49}"], "Lat": 29.915189, "Long": -89.9815635, "cv_normalized": 0.3571428571}, {"median_cv": 14.63, "block_pricing": ["{100: 49.99, 250: 49.99, 500: 69.99, 1: 99.99}", "{100: 19.99, 250: 19.99, 500: 39.99, 1: 59.99}", "{100: 19.99, 250: 19.99, 500: 39.99, 1: 69.99}", "{100: 19.99, 250: 19.99, 500: 29.99, 1: 39.99}", "{100: 49.99, 250: 49.99, 500: 59.99, 1: 69.99}", "{100: 49.99, 250: 49.99, 500: 69.99, 1: 89.99}", "{100: 49.99, 250: 89.99, 500: 99.99, 1: 119.99}", "{100: 49.99, 250: 79.99, 500: 89.99, 1: 109.99}", "{100: 49.99, 250: 62.49, 500: 72.49, 1: 92.49}"], "Lat": 29.906731, "Long": -89.950162, "cv_normalized": 0.3571428571}, {"median_cv": 14.63, "block_pricing": ["{100: 49.99, 250: 49.99, 500: 59.99, 1: 69.99}", "{100: 19.99, 250: 19.99, 500: 29.99, 1: 39.99}", "{100: 49.99, 250: 79.99, 500: 89.99, 1: 109.99}", "{100: 49.99, 250: 89.99, 500: 99.99, 1: 119.99}", "{100: 49.99, 250: 49.99, 500: 69.99, 1: 99.99}"], "Lat": 29.925347, "Long": -90.031514, "cv_normalized": 0.3571428571}, {"median_cv": 10.24, "block_pricing": ["{100: 49.99, 250: 49.99, 500: 69.99, 1: 99.99}", "{100: 49.99, 250: 49.99, 500: 59.99, 1: 69.99}", "{100: 19.99, 250: 19.99, 500: 29.99, 1: 39.99}", "{100: 49.99, 250: 49.99, 500: 69.99, 1: 89.99}", "{100: 49.99, 250: 89.99, 500: 99.99, 1: 119.99}", "{100: 19.99, 250: 19.99, 500: 39.99, 1: 69.99}", "{100: 49.99, 250: 79.99, 500: 89.99, 1: 109.99}", "{100: 19.99, 250: 19.99, 500: 39.99, 1: 59.99}"], "Lat": 29.921735, "Long": -90.025427, "cv_normalized": 0.100117096}, {"median_cv": 10.24, "block_pricing": ["{100: 19.99, 250: 19.99, 500: 39.99, 1: 69.99}", "{100: 49.99, 250: 49.99, 500: 69.99, 1: 99.99}"], "Lat": 29.920925, "Long": -90.021868, "cv_normalized": 0.100117096}, {"median_cv": 10.24, "block_pricing": ["{100: 49.99, 250: 49.99, 500: 69.99, 1: 99.99}", "{100: 19.99, 250: 19.99, 500: 39.99, 1: 69.99}", "{100: 49.99, 250: 49.99, 500: 69.99, 1: 89.99}", "{100: 19.99, 250: 19.99, 500: 39.99, 1: 59.99}", "{100: 49.99, 250: 72.49, 500: 82.49, 1: 102.49}", "{100: 49.99, 250: 89.99, 500: 99.99, 1: 119.99}", "{100: 19.99, 250: 19.99, 500: 29.99, 1: 39.99}", "{100: 49.99, 250: 49.99, 500: 59.99, 1: 69.99}"], "Lat": 29.919137, "Long": -90.003936, "cv_normalized": 0.100117096}, {"median_cv": 14.63, "block_pricing": ["{100: 19.99, 250: 19.99, 500: 29.99, 1: 39.99}", "{100: 49.99, 250: 49.99, 500: 59.99, 1: 69.99}", "{100: 49.99, 250: 89.99, 500: 99.99, 1: 119.99}", "{100: 49.99, 250: 79.99, 500: 89.99, 1: 109.99}", "{100: 49.99, 250: 49.99, 500: 69.99, 1: 99.99}"], "Lat": 29.916751, "Long": -89.988826, "cv_normalized": 0.3571428571}, {"median_cv": 14.63, "block_pricing": ["{100: 19.99, 250: 19.99, 500: 29.99, 1: 39.99}", "{100: 49.99, 250: 89.99, 500: 99.99, 1: 119.99}", "{100: 49.99, 250: 49.99, 500: 59.99, 1: 69.99}", "{100: 49.99, 250: 0, 500: 20, 1: 40}"], "Lat": 29.9123145, "Long": -89.9921305, "cv_normalized": 0.3571428571}, {"median_cv": 14.63, "block_pricing": ["{100: 19.99, 250: 19.99, 500: 39.99, 1: 69.99}", "{100: 49.99, 250: 49.99, 500: 69.99, 1: 99.99}", "{100: 49.99, 250: 49.99, 500: 69.99, 1: 89.99}", "{100: 49.99, 250: 89.99, 500: 99.99, 1: 119.99}", "{100: 49.99, 250: 49.99, 500: 59.99, 1: 69.99}", "{100: 19.99, 250: 19.99, 500: 29.99, 1: 39.99}"], "Lat": 29.917138, "Long": -89.9979985, "cv_normalized": 0.3571428571}, {"median_cv": 14.63, "block_pricing": ["{100: 19.99, 250: 19.99, 500: 39.99, 1: 69.99}", "{100: 49.99, 250: 49.99, 500: 69.99, 1: 99.99}", "{100: 19.99, 250: 19.99, 500: 39.99, 1: 59.99}"], "Lat": 29.9054565, "Long": -89.9901205, "cv_normalized": 0.3571428571}, {"median_cv": 14.63, "block_pricing": ["{100: 49.99, 250: 49.99, 500: 59.99, 1: 69.99}", "{100: 19.99, 250: 19.99, 500: 39.99, 1: 69.99}", "{100: 49.99, 250: 49.99, 500: 69.99, 1: 99.99}", "{100: 49.99, 250: 89.99, 500: 99.99, 1: 119.99}", "{100: 49.99, 250: 49.99, 500: 69.99, 1: 89.99}", "{100: 19.99, 250: 19.99, 500: 39.99, 1: 59.99}", "{100: 19.99, 250: 19.99, 500: 29.99, 1: 39.99}", "{100: 49.99, 250: 74.99, 500: 84.99, 1: 104.99}", "{100: 49.99, 250: 89.99, 500: 99.99, 1: 119.99, 2: 149.99}"], "Lat": 29.898855, "Long": -89.998116, "cv_normalized": 0.3571428571}, {"median_cv": 14.63, "block_pricing": ["{100: 49.99, 250: 89.99, 500: 99.99, 1: 119.99}", "{100: 49.99, 250: 49.99, 500: 59.99, 1: 69.99}", "{100: 19.99, 250: 19.99, 500: 29.99, 1: 39.99}", "{100: 49.99, 250: 79.99, 500: 89.99, 1: 109.99}"], "Lat": 29.912606, "Long": -90.009695, "cv_normalized": 0.3571428571}, {"median_cv": 14.63, "block_pricing": ["{100: 19.99, 250: 19.99, 500: 39.99, 1: 69.99}", "{100: 49.99, 250: 49.99, 500: 69.99, 1: 99.99}", "{100: 49.99, 250: 49.99, 500: 59.99, 1: 69.99}", "{100: 49.99, 250: 89.99, 500: 99.99, 1: 119.99}", "{100: 19.99, 250: 19.99, 500: 29.99, 1: 39.99}", "{100: 49.99, 250: 79.99, 500: 89.99, 1: 109.99}", "{100: 49.99, 250: 49.99, 500: 69.99, 1: 89.99}"], "Lat": 29.904775, "Long": -89.997556, "cv_normalized": 0.3571428571}, {"median_cv": 14.63, "block_pricing": ["{100: 19.99, 250: 19.99, 500: 39.99, 1: 69.99}"], "Lat": 29.977112, "Long": -90.017039, "cv_normalized": 0.3571428571}, {"median_cv": 14.63, "block_pricing": ["{100: 19.99, 250: 19.99, 500: 39.99, 1: 69.99}", "{100: 49.99, 250: 49.99, 500: 69.99, 1: 99.99}"], "Lat": 29.9719075, "Long": -90.019614, "cv_normalized": 0.3571428571}, {"median_cv": 10.81, "block_pricing": ["{100: 49.99, 250: 49.99, 500: 69.99, 1: 99.99}", "{100: 19.99, 250: 19.99, 500: 39.99, 1: 69.99}", "{100: 49.99, 250: 49.99, 500: 69.99, 1: 89.99}", "{100: 19.99, 250: 19.99, 500: 39.99, 1: 59.99}"], "Lat": 29.9671035, "Long": -90.0217475, "cv_normalized": 0.1334894614}, {"median_cv": 12.435, "block_pricing": ["{100: 49.99, 250: 49.99, 500: 69.99, 1: 99.99}", "{100: 19.99, 250: 19.99, 500: 39.99, 1: 69.99}", "{100: 19.99, 250: 19.99, 500: 39.99, 1: 59.99}"], "Lat": 29.964436, "Long": -90.023148, "cv_normalized": 0.2286299766}, {"median_cv": 10.24, "block_pricing": ["{100: 49.99, 250: 89.99, 500: 99.99, 1: 119.99}", "{100: 49.99, 250: 49.99, 500: 69.99, 1: 99.99}", "{100: 19.99, 250: 19.99, 500: 39.99, 1: 69.99}", "{100: 49.99, 250: 49.99, 500: 69.99, 1: 89.99}"], "Lat": 29.959018, "Long": -90.010591, "cv_normalized": 0.100117096}, {"median_cv": 11.38, "block_pricing": ["{100: 49.99, 250: 49.99, 500: 69.99, 1: 99.99}", "{100: 19.99, 250: 19.99, 500: 39.99, 1: 59.99}", "{100: 19.99, 250: 19.99, 500: 39.99, 1: 69.99}", "{100: 49.99, 250: 89.99, 500: 99.99, 1: 119.99}", "{100: 49.99, 250: 49.99, 500: 69.99, 1: 89.99}"], "Lat": 29.955978, "Long": -90.011245, "cv_normalized": 0.1668618267}, {"median_cv": 11.38, "block_pricing": ["{100: 49.99, 250: 49.99, 500: 69.99, 1: 99.99}", "{100: 49.99, 250: 49.99, 500: 69.99, 1: 89.99}", "{100: 19.99, 250: 19.99, 500: 39.99, 1: 59.99}", "{100: 19.99, 250: 19.99, 500: 39.99, 1: 69.99}", "{100: 49.99, 250: 89.99, 500: 99.99, 1: 119.99}"], "Lat": 29.953318, "Long": -90.012381, "cv_normalized": 0.1668618267}, {"median_cv": 11.38, "block_pricing": ["{100: 19.99, 250: 19.99, 500: 39.99, 1: 69.99}", "{100: 19.99, 250: 19.99, 500: 39.99, 1: 59.99}", "{100: 49.99, 250: 49.99, 500: 69.99, 1: 89.99}", "{100: 49.99, 250: 49.99, 500: 69.99, 1: 99.99}", "{100: 49.99, 250: 89.99, 500: 99.99, 1: 119.99}", "{100: 49.99, 250: 79.99, 500: 89.99, 1: 109.99}"], "Lat": 29.956837, "Long": -90.022554, "cv_normalized": 0.1668618267}, {"median_cv": 14.63, "block_pricing": ["{100: 49.99, 250: 49.99, 500: 69.99, 1: 99.99}", "{100: 49.99, 250: 89.99, 500: 99.99, 1: 119.99}", "{100: 49.99, 250: 49.99, 500: 69.99, 1: 89.99}", "{100: 19.99, 250: 19.99, 500: 39.99, 1: 69.99}", "{100: 19.99, 250: 19.99, 500: 39.99, 1: 59.99}"], "Lat": 29.95841, "Long": -90.0162235, "cv_normalized": 0.3571428571}, {"median_cv": 14.63, "block_pricing": ["{100: 49.99, 250: 49.99, 500: 69.99, 1: 89.99}", "{100: 49.99, 250: 49.99, 500: 69.99, 1: 99.99}", "{100: 19.99, 250: 19.99, 500: 39.99, 1: 69.99}", "{100: 19.99, 250: 19.99, 500: 39.99, 1: 59.99}", "{100: 49.99, 250: 84.99, 500: 94.99, 1: 114.99}"], "Lat": 29.958299, "Long": -90.019283, "cv_normalized": 0.3571428571}, {"median_cv": 14.63, "block_pricing": ["{100: 49.99, 250: 49.99, 500: 69.99, 1: 89.99}", "{100: 19.99, 250: 19.99, 500: 39.99, 1: 69.99}", "{100: 49.99, 250: 49.99, 500: 69.99, 1: 99.99}"], "Lat": 29.9609425, "Long": -90.023421, "cv_normalized": 0.3571428571}, {"median_cv": 13.005, "block_pricing": ["{100: 19.99, 250: 19.99, 500: 39.99, 1: 69.99}", "{100: 49.99, 250: 49.99, 500: 69.99, 1: 99.99}", "{100: 49.99, 250: 49.99, 500: 69.99, 1: 89.99}"], "Lat": 29.9727015, "Long": -90.002189, "cv_normalized": 0.2620023419}, {"median_cv": 14.63, "block_pricing": ["{100: 19.99, 250: 19.99, 500: 39.99, 1: 69.99}", "{100: 49.99, 250: 49.99, 500: 69.99, 1: 89.99}", "{100: 49.99, 250: 49.99, 500: 69.99, 1: 99.99}"], "Lat": 29.968145, "Long": -90.0056295, "cv_normalized": 0.3571428571}, {"median_cv": 12.435, "block_pricing": ["{100: 19.99, 250: 19.99, 500: 39.99, 1: 69.99}", "{100: 49.99, 250: 49.99, 500: 69.99, 1: 99.99}", "{100: 19.99, 250: 19.99, 500: 39.99, 1: 59.99}"], "Lat": 29.9650605, "Long": -90.006372, "cv_normalized": 0.2286299766}, {"median_cv": 11.38, "block_pricing": ["{100: 49.99, 250: 49.99, 500: 69.99, 1: 99.99}", "{100: 49.99, 250: 49.99, 500: 69.99, 1: 89.99}", "{100: 19.99, 250: 19.99, 500: 39.99, 1: 69.99}", "{100: 19.99, 250: 19.99, 500: 39.99, 1: 59.99}", "{100: 49.99, 250: 89.99, 500: 99.99, 1: 119.99}"], "Lat": 29.961908, "Long": -90.008034, "cv_normalized": 0.1668618267}, {"median_cv": 15.85, "block_pricing": ["{100: 19.99, 250: 19.99, 500: 39.99, 1: 59.99}", "{100: 19.99, 250: 19.99, 500: 39.99, 1: 69.99}", "{100: 49.99, 250: 49.99, 500: 69.99, 1: 99.99}"], "Lat": 29.97372, "Long": -90.006713, "cv_normalized": 0.4285714286}, {"median_cv": 10.24, "block_pricing": ["{100: 49.99, 250: 49.99, 500: 69.99, 1: 99.99}", "{100: 19.99, 250: 19.99, 500: 39.99, 1: 69.99}"], "Lat": 29.972143, "Long": -90.008255, "cv_normalized": 0.100117096}, {"median_cv": 13.005, "block_pricing": ["{100: 49.99, 250: 49.99, 500: 69.99, 1: 99.99}", "{100: 49.99, 250: 49.99, 500: 69.99, 1: 89.99}", "{100: 19.99, 250: 19.99, 500: 39.99, 1: 69.99}"], "Lat": 29.977035, "Long": -90.0098965, "cv_normalized": 0.2620023419}, {"median_cv": 12.435, "block_pricing": ["{100: 49.99, 250: 49.99, 500: 69.99, 1: 99.99}", "{100: 19.99, 250: 19.99, 500: 39.99, 1: 69.99}"], "Lat": 29.9733885, "Long": -90.017331, "cv_normalized": 0.2286299766}, {"median_cv": 14.63, "block_pricing": ["{100: 49.99, 250: 62.49, 500: 72.49, 1: 92.49}", "{100: 19.99, 250: 19.99, 500: 39.99, 1: 69.99}", "{100: 19.99, 250: 19.99, 500: 39.99, 1: 59.99}", "{100: 49.99, 250: 49.99, 500: 69.99, 1: 89.99}"], "Lat": 29.96738, "Long": -90.008469, "cv_normalized": 0.3571428571}, {"median_cv": 14.63, "block_pricing": ["{100: 19.99, 250: 19.99, 500: 39.99, 1: 69.99}", "{100: 49.99, 250: 49.99, 500: 69.99, 1: 99.99}", "{100: 49.99, 250: 89.99, 500: 99.99, 1: 119.99}"], "Lat": 29.967417, "Long": -90.016597, "cv_normalized": 0.3571428571}, {"median_cv": 14.63, "block_pricing": ["{100: 19.99, 250: 19.99, 500: 39.99, 1: 69.99}"], "Lat": 29.968694, "Long": -90.011783, "cv_normalized": 0.3571428571}, {"median_cv": 13.005, "block_pricing": ["{100: 19.99, 250: 19.99, 500: 39.99, 1: 69.99}", "{100: 49.99, 250: 49.99, 500: 69.99, 1: 89.99}"], "Lat": 29.970885, "Long": -90.0166115, "cv_normalized": 0.2620023419}, {"median_cv": 14.63, "block_pricing": ["{100: 19.99, 250: 19.99, 500: 39.99, 1: 69.99}", "{100: 49.99, 250: 89.99, 500: 99.99, 1: 119.99}", "{100: 19.99, 250: 19.99, 500: 39.99, 1: 59.99}", "{100: 49.99, 250: 49.99, 500: 69.99, 1: 99.99}"], "Lat": 29.963152, "Long": -90.012319, "cv_normalized": 0.3571428571}, {"median_cv": 14.63, "block_pricing": ["{100: 19.99, 250: 19.99, 500: 39.99, 1: 69.99}", "{100: 49.99, 250: 49.99, 500: 69.99, 1: 89.99}", "{100: 49.99, 250: 49.99, 500: 69.99, 1: 99.99}", "{100: 49.99, 250: 89.99, 500: 99.99, 1: 119.99}", "{100: 19.99, 250: 19.99, 500: 39.99, 1: 59.99}", "{100: 49.99, 250: 62.49, 500: 72.49, 1: 92.49}", "{100: 19.99, 250: 19.99, 500: 29.99, 1: 39.99}"], "Lat": 29.964263, "Long": -90.018589, "cv_normalized": 0.3571428571}, {"median_cv": 11.38, "block_pricing": ["{100: 19.99, 250: 19.99, 500: 39.99, 1: 69.99}", "{100: 49.99, 250: 49.99, 500: 69.99, 1: 99.99}", "{100: 49.99, 250: 89.99, 500: 99.99, 1: 119.99, 2: 149.99}", "{100: 49.99, 250: 89.99, 500: 99.99, 1: 119.99}", "{100: 49.99, 250: 49.99, 500: 69.99, 1: 89.99}", "{100: 19.99, 250: 19.99, 500: 39.99, 1: 59.99}"], "Lat": 29.968482, "Long": -90.030327, "cv_normalized": 0.1668618267}, {"median_cv": 10.24, "block_pricing": ["{100: 49.99, 250: 49.99, 500: 69.99, 1: 89.99}", "{100: 49.99, 250: 49.99, 500: 69.99, 1: 99.99}", "{100: 19.99, 250: 19.99, 500: 39.99, 1: 69.99}", "{100: 49.99, 250: 89.99, 500: 99.99, 1: 119.99}"], "Lat": 29.96231, "Long": -90.036756, "cv_normalized": 0.100117096}, {"median_cv": 10.24, "block_pricing": ["{100: 49.99, 250: 49.99, 500: 59.99, 1: 69.99}", "{100: 49.99, 250: 49.99, 500: 69.99, 1: 89.99}", "{100: 49.99, 250: 49.99, 500: 69.99, 1: 99.99}", "{100: 49.99, 250: 89.99, 500: 99.99, 1: 119.99}", "{100: 19.99, 250: 19.99, 500: 39.99, 1: 69.99}", "{100: 19.99, 250: 19.99, 500: 39.99, 1: 59.99}", "{100: 19.99, 250: 19.99, 500: 29.99, 1: 39.99}"], "Lat": 29.963279, "Long": -90.041643, "cv_normalized": 0.100117096}, {"median_cv": 10.24, "block_pricing": ["{100: 49.99, 250: 49.99, 500: 69.99, 1: 99.99}", "{100: 19.99, 250: 19.99, 500: 39.99, 1: 69.99}", "{100: 49.99, 250: 49.99, 500: 69.99, 1: 89.99}", "{100: 19.99, 250: 19.99, 500: 39.99, 1: 59.99}", "{100: 49.99, 250: 89.99, 500: 99.99, 1: 119.99}"], "Lat": 29.9648685, "Long": -90.0451865, "cv_normalized": 0.100117096}, {"median_cv": 14.63, "block_pricing": ["{100: 49.99, 250: 49.99, 500: 59.99, 1: 69.99}", "{100: 19.99, 250: 19.99, 500: 29.99, 1: 39.99}", "{100: 49.99, 250: 89.99, 500: 99.99, 1: 119.99}"], "Lat": 29.966582, "Long": -90.04964, "cv_normalized": 0.3571428571}, {"median_cv": 11.38, "block_pricing": ["{100: 49.99, 250: 49.99, 500: 69.99, 1: 99.99}", "{100: 19.99, 250: 19.99, 500: 39.99, 1: 69.99}", "{100: 49.99, 250: 89.99, 500: 99.99, 1: 119.99}", "{100: 49.99, 250: 49.99, 500: 69.99, 1: 89.99}"], "Lat": 29.971109, "Long": -90.03878, "cv_normalized": 0.1668618267}, {"median_cv": 10.24, "block_pricing": ["{100: 49.99, 250: 49.99, 500: 69.99, 1: 99.99}", "{100: 49.99, 250: 49.99, 500: 69.99, 1: 89.99}", "{100: 49.99, 250: 89.99, 500: 99.99, 1: 119.99}", "{100: 19.99, 250: 19.99, 500: 39.99, 1: 69.99}"], "Lat": 29.965482, "Long": -90.041322, "cv_normalized": 0.100117096}, {"median_cv": 14.63, "block_pricing": ["{100: 19.99, 250: 19.99, 500: 39.99, 1: 69.99}", "{100: 19.99, 250: 19.99, 500: 39.99, 1: 59.99}", "{100: 49.99, 250: 49.99, 500: 69.99, 1: 99.99}", "{100: 49.99, 250: 49.99, 500: 69.99, 1: 89.99}", "{100: 49.99, 250: 89.99, 500: 99.99, 1: 119.99}"], "Lat": 29.968637, "Long": -90.043042, "cv_normalized": 0.3571428571}, {"median_cv": 11.38, "block_pricing": ["{100: 19.99, 250: 19.99, 500: 39.99, 1: 69.99}", "{100: 49.99, 250: 49.99, 500: 69.99, 1: 99.99}", "{100: 49.99, 250: 49.99, 500: 69.99, 1: 89.99}", "{100: 19.99, 250: 19.99, 500: 39.99, 1: 59.99}", "{100: 49.99, 250: 62.49, 500: 72.49, 1: 92.49}", "{100: 49.99, 250: 89.99, 500: 99.99, 1: 119.99}"], "Lat": 29.972135, "Long": -90.0420485, "cv_normalized": 0.1668618267}, {"median_cv": 14.63, "block_pricing": ["{100: 19.99, 250: 19.99, 500: 39.99, 1: 69.99}", "{100: 49.99, 250: 49.99, 500: 69.99, 1: 89.99}", "{100: 19.99, 250: 19.99, 500: 39.99, 1: 59.99}", "{100: 49.99, 250: 49.99, 500: 69.99, 1: 99.99}"], "Lat": 29.971008, "Long": -90.03342, "cv_normalized": 0.3571428571}, {"median_cv": 10.81, "block_pricing": ["{100: 49.99, 250: 49.99, 500: 69.99, 1: 99.99}", "{100: 19.99, 250: 19.99, 500: 39.99, 1: 69.99}", "{100: 19.99, 250: 19.99, 500: 39.99, 1: 59.99}", "{100: 49.99, 250: 89.99, 500: 99.99, 1: 119.99}", "{100: 49.99, 250: 49.99, 500: 69.99, 1: 89.99}"], "Lat": 29.968397, "Long": -90.0349745, "cv_normalized": 0.1334894614}, {"median_cv": 11.38, "block_pricing": ["{100: 49.99, 250: 49.99, 500: 69.99, 1: 99.99}", "{100: 49.99, 250: 49.99, 500: 69.99, 1: 89.99}", "{100: 19.99, 250: 19.99, 500: 39.99, 1: 69.99}", "{100: 19.99, 250: 19.99, 500: 39.99, 1: 59.99}", "{100: 49.99, 250: 89.99, 500: 99.99, 1: 119.99}"], "Lat": 29.978322, "Long": -90.031995, "cv_normalized": 0.1668618267}, {"median_cv": 14.63, "block_pricing": ["{100: 49.99, 250: 49.99, 500: 69.99, 1: 99.99}", "{100: 19.99, 250: 19.99, 500: 39.99, 1: 69.99}", "{100: 19.99, 250: 19.99, 500: 39.99, 1: 59.99}", "{100: 49.99, 250: 49.99, 500: 69.99, 1: 89.99}", "{100: 49.99, 250: 89.99, 500: 99.99, 1: 119.99}"], "Lat": 29.978741, "Long": -90.034752, "cv_normalized": 0.3571428571}, {"median_cv": 14.63, "block_pricing": ["{100: 19.99, 250: 19.99, 500: 39.99, 1: 69.99}", "{100: 49.99, 250: 49.99, 500: 69.99, 1: 99.99}", "{100: 49.99, 250: 89.99, 500: 99.99, 1: 119.99}", "{100: 49.99, 250: 49.99, 500: 69.99, 1: 89.99}", "{100: 19.99, 250: 19.99, 500: 39.99, 1: 59.99}"], "Lat": 29.9799295, "Long": -90.036838, "cv_normalized": 0.3571428571}, {"median_cv": 14.63, "block_pricing": ["{100: 19.99, 250: 19.99, 500: 39.99, 1: 69.99}", "{100: 49.99, 250: 49.99, 500: 69.99, 1: 99.99}", "{100: 19.99, 250: 19.99, 500: 39.99, 1: 59.99}", "{100: 49.99, 250: 49.99, 500: 69.99, 1: 89.99}", "{100: 49.99, 250: 89.99, 500: 99.99, 1: 119.99}"], "Lat": 29.979381, "Long": -90.039081, "cv_normalized": 0.3571428571}, {"median_cv": 14.63, "block_pricing": ["{100: 49.99, 250: 49.99, 500: 69.99, 1: 99.99}", "{100: 19.99, 250: 19.99, 500: 39.99, 1: 69.99}", "{100: 49.99, 250: 49.99, 500: 69.99, 1: 89.99}", "{100: 49.99, 250: 89.99, 500: 99.99, 1: 119.99}", "{100: 19.99, 250: 19.99, 500: 39.99, 1: 59.99}"], "Lat": 29.983511, "Long": -90.039171, "cv_normalized": 0.3571428571}, {"median_cv": 14.63, "block_pricing": ["{100: 49.99, 250: 49.99, 500: 69.99, 1: 99.99}", "{100: 19.99, 250: 19.99, 500: 39.99, 1: 69.99}", "{100: 49.99, 250: 49.99, 500: 69.99, 1: 89.99}", "{100: 19.99, 250: 19.99, 500: 39.99, 1: 59.99}", "{100: 49.99, 250: 89.99, 500: 99.99, 1: 119.99}"], "Lat": 29.980347, "Long": -90.041166, "cv_normalized": 0.3571428571}, {"median_cv": 14.63, "block_pricing": ["{100: 49.99, 250: 49.99, 500: 69.99, 1: 99.99}", "{100: 19.99, 250: 19.99, 500: 39.99, 1: 69.99}", "{100: 19.99, 250: 19.99, 500: 39.99, 1: 59.99}"], "Lat": 29.973503, "Long": -90.0325245, "cv_normalized": 0.3571428571}, {"median_cv": 11.38, "block_pricing": ["{100: 19.99, 250: 19.99, 500: 39.99, 1: 69.99}", "{100: 49.99, 250: 49.99, 500: 69.99, 1: 89.99}", "{100: 49.99, 250: 49.99, 500: 69.99, 1: 99.99}"], "Lat": 29.9728615, "Long": -90.034797, "cv_normalized": 0.1668618267}, {"median_cv": 10.24, "block_pricing": ["{100: 49.99, 250: 49.99, 500: 69.99, 1: 99.99}", "{100: 19.99, 250: 19.99, 500: 39.99, 1: 69.99}"], "Lat": 29.974212, "Long": -90.036458, "cv_normalized": 0.100117096}, {"median_cv": 14.63, "block_pricing": ["{100: 49.99, 250: 49.99, 500: 69.99, 1: 89.99}", "{100: 49.99, 250: 49.99, 500: 69.99, 1: 99.99}", "{100: 19.99, 250: 19.99, 500: 39.99, 1: 69.99}", "{100: 19.99, 250: 19.99, 500: 39.99, 1: 59.99}"], "Lat": 29.974895, "Long": -90.0408045, "cv_normalized": 0.3571428571}, {"median_cv": 11.38, "block_pricing": ["{100: 49.99, 250: 49.99, 500: 69.99, 1: 99.99}", "{100: 19.99, 250: 19.99, 500: 39.99, 1: 69.99}", "{100: 49.99, 250: 49.99, 500: 69.99, 1: 89.99}", "{100: 19.99, 250: 19.99, 500: 39.99, 1: 59.99}"], "Lat": 29.979054, "Long": -90.046395, "cv_normalized": 0.1668618267}, {"median_cv": 11.38, "block_pricing": ["{100: 19.99, 250: 19.99, 500: 39.99, 1: 69.99}", "{100: 49.99, 250: 49.99, 500: 69.99, 1: 99.99}", "{100: 49.99, 250: 49.99, 500: 69.99, 1: 89.99}", "{100: 19.99, 250: 19.99, 500: 39.99, 1: 59.99}"], "Lat": 29.9708, "Long": -90.047811, "cv_normalized": 0.1668618267}, {"median_cv": 14.63, "block_pricing": ["{100: 19.99, 250: 19.99, 500: 39.99, 1: 69.99}"], "Lat": 29.981294, "Long": -90.02994, "cv_normalized": 0.3571428571}, {"median_cv": 14.63, "block_pricing": ["{100: 49.99, 250: 49.99, 500: 69.99, 1: 99.99}", "{100: 19.99, 250: 19.99, 500: 39.99, 1: 69.99}", "{100: 49.99, 250: 49.99, 500: 69.99, 1: 89.99}", "{100: 19.99, 250: 19.99, 500: 39.99, 1: 59.99}"], "Lat": 30.021071, "Long": -90.035442, "cv_normalized": 0.3571428571}, {"median_cv": 14.63, "block_pricing": ["{100: 19.99, 250: 19.99, 500: 39.99, 1: 59.99}", "{100: 49.99, 250: 89.99, 500: 99.99, 1: 119.99}", "{100: 49.99, 250: 49.99, 500: 69.99, 1: 99.99}", "{100: 19.99, 250: 19.99, 500: 39.99, 1: 69.99}"], "Lat": 30.016523, "Long": -90.036715, "cv_normalized": 0.3571428571}, {"median_cv": 10.24, "block_pricing": ["{100: 49.99, 250: 49.99, 500: 69.99, 1: 89.99}", "{100: 19.99, 250: 19.99, 500: 39.99, 1: 69.99}", "{100: 49.99, 250: 89.99, 500: 99.99, 1: 119.99}", "{100: 49.99, 250: 49.99, 500: 69.99, 1: 99.99}"], "Lat": 30.018506, "Long": -90.045043, "cv_normalized": 0.100117096}, {"median_cv": 14.63, "block_pricing": ["{100: 49.99, 250: 49.99, 500: 59.99, 1: 69.99}", "{100: 19.99, 250: 19.99, 500: 29.99, 1: 39.99}", "{100: 49.99, 250: 89.99, 500: 99.99, 1: 119.99}", "{100: 19.99, 250: 19.99, 500: 39.99, 1: 69.99}", "{100: 49.99, 250: 49.99, 500: 69.99, 1: 89.99}", "{100: 19.99, 250: 19.99, 500: 39.99, 1: 59.99}", "{100: 49.99, 250: 49.99, 500: 69.99, 1: 99.99}"], "Lat": 30.011492, "Long": -90.033898, "cv_normalized": 0.3571428571}, {"median_cv": 14.63, "block_pricing": ["{100: 49.99, 250: 49.99, 500: 59.99, 1: 69.99}", "{100: 19.99, 250: 19.99, 500: 29.99, 1: 39.99}", "{100: 49.99, 250: 89.99, 500: 99.99, 1: 119.99}", "{100: 19.99, 250: 19.99, 500: 39.99, 1: 69.99}", "{100: 49.99, 250: 49.99, 500: 69.99, 1: 99.99}", "{100: 49.99, 250: 49.99, 500: 69.99, 1: 89.99}", "{100: 19.99, 250: 19.99, 500: 39.99, 1: 59.99}"], "Lat": 30.0091635, "Long": -90.0386215, "cv_normalized": 0.3571428571}, {"median_cv": 14.63, "block_pricing": ["{100: 19.99, 250: 19.99, 500: 29.99, 1: 39.99}", "{100: 49.99, 250: 49.99, 500: 59.99, 1: 69.99}", "{100: 49.99, 250: 89.99, 500: 99.99, 1: 119.99}", "{100: 49.99, 250: 49.99, 500: 69.99, 1: 99.99}"], "Lat": 30.008617, "Long": -90.041298, "cv_normalized": 0.3571428571}, {"median_cv": 14.63, "block_pricing": ["{100: 19.99, 250: 19.99, 500: 29.99, 1: 39.99}", "{100: 49.99, 250: 49.99, 500: 59.99, 1: 69.99}", "{100: 49.99, 250: 89.99, 500: 99.99, 1: 119.99}", "{100: 49.99, 250: 62.49, 500: 72.49, 1: 92.49}"], "Lat": 30.0120285, "Long": -90.0431155, "cv_normalized": 0.3571428571}, {"median_cv": 10.24, "block_pricing": ["{100: 49.99, 250: 49.99, 500: 69.99, 1: 99.99}", "{100: 49.99, 250: 49.99, 500: 69.99, 1: 89.99}", "{100: 19.99, 250: 19.99, 500: 39.99, 1: 69.99}", "{100: 49.99, 250: 89.99, 500: 99.99, 1: 119.99}", "{100: 19.99, 250: 19.99, 500: 39.99, 1: 59.99}"], "Lat": 30.02484, "Long": -90.019513, "cv_normalized": 0.100117096}, {"median_cv": 10.24, "block_pricing": ["{100: 49.99, 250: 49.99, 500: 69.99, 1: 99.99}", "{100: 19.99, 250: 19.99, 500: 39.99, 1: 59.99}", "{100: 49.99, 250: 89.99, 500: 99.99, 1: 119.99}", "{100: 49.99, 250: 49.99, 500: 69.99, 1: 89.99}", "{100: 19.99, 250: 19.99, 500: 39.99, 1: 69.99}"], "Lat": 30.021371, "Long": -90.0189725, "cv_normalized": 0.100117096}, {"median_cv": 14.63, "block_pricing": ["{100: 19.99, 250: 19.99, 500: 39.99, 1: 69.99}", "{100: 49.99, 250: 49.99, 500: 69.99, 1: 99.99}", "{100: 19.99, 250: 19.99, 500: 39.99, 1: 59.99}", "{100: 49.99, 250: 89.99, 500: 99.99, 1: 119.99}"], "Lat": 30.014994, "Long": -90.016395, "cv_normalized": 0.3571428571}, {"median_cv": 14.63, "block_pricing": ["{100: 19.99, 250: 19.99, 500: 39.99, 1: 69.99}", "{100: 49.99, 250: 49.99, 500: 69.99, 1: 99.99}", "{100: 19.99, 250: 19.99, 500: 39.99, 1: 59.99}"], "Lat": 30.016188, "Long": -90.020134, "cv_normalized": 0.3571428571}, {"median_cv": 10.24, "block_pricing": ["{100: 19.99, 250: 19.99, 500: 39.99, 1: 69.99}", "{100: 49.99, 250: 49.99, 500: 69.99, 1: 99.99}", "{100: 49.99, 250: 49.99, 500: 69.99, 1: 89.99}", "{100: 49.99, 250: 89.99, 500: 99.99, 1: 119.99}"], "Lat": 30.0224005, "Long": -89.9919695, "cv_normalized": 0.100117096}, {"median_cv": 13.005, "block_pricing": ["{100: 19.99, 250: 19.99, 500: 39.99, 1: 69.99}", "{100: 49.99, 250: 49.99, 500: 69.99, 1: 99.99}", "{100: 49.99, 250: 49.99, 500: 69.99, 1: 89.99}", "{100: 49.99, 250: 89.99, 500: 99.99, 1: 119.99}"], "Lat": 30.016141, "Long": -89.991118, "cv_normalized": 0.2620023419}, {"median_cv": 14.63, "block_pricing": ["{100: 19.99, 250: 19.99, 500: 39.99, 1: 69.99}", "{100: 49.99, 250: 49.99, 500: 69.99, 1: 99.99}", "{100: 49.99, 250: 49.99, 500: 69.99, 1: 89.99}", "{100: 49.99, 250: 74.99, 500: 84.99, 1: 104.99}", "{100: 19.99, 250: 19.99, 500: 39.99, 1: 59.99}"], "Lat": 30.0176865, "Long": -89.996184, "cv_normalized": 0.3571428571}, {"median_cv": 14.63, "block_pricing": ["{100: 19.99, 250: 19.99, 500: 39.99, 1: 69.99}", "{100: 49.99, 250: 49.99, 500: 69.99, 1: 99.99}"], "Lat": 30.018352, "Long": -90.000423, "cv_normalized": 0.3571428571}, {"median_cv": 14.63, "block_pricing": ["{100: 19.99, 250: 19.99, 500: 39.99, 1: 69.99}", "{100: 19.99, 250: 19.99, 500: 39.99, 1: 59.99}", "{100: 49.99, 250: 49.99, 500: 69.99, 1: 99.99}"], "Lat": 30.0167895, "Long": -90.0045765, "cv_normalized": 0.3571428571}, {"median_cv": 14.63, "block_pricing": ["{100: 49.99, 250: 49.99, 500: 69.99, 1: 99.99}", "{100: 19.99, 250: 19.99, 500: 39.99, 1: 69.99}", "{100: 19.99, 250: 19.99, 500: 39.99, 1: 59.99}"], "Lat": 30.014569, "Long": -90.010373, "cv_normalized": 0.3571428571}, {"median_cv": 14.63, "block_pricing": ["{100: 19.99, 250: 19.99, 500: 39.99, 1: 69.99}", "{100: 19.99, 250: 19.99, 500: 39.99, 1: 59.99}", "{100: 49.99, 250: 49.99, 500: 69.99, 1: 99.99}"], "Lat": 30.01788, "Long": -90.011116, "cv_normalized": 0.3571428571}, {"median_cv": 14.63, "block_pricing": ["{100: 49.99, 250: 89.99, 500: 99.99, 1: 119.99}", "{100: 49.99, 250: 49.99, 500: 59.99, 1: 69.99}", "{100: 19.99, 250: 19.99, 500: 29.99, 1: 39.99}", "{100: 49.99, 250: 49.99, 500: 69.99, 1: 99.99}", "{100: 19.99, 250: 19.99, 500: 39.99, 1: 69.99}", "{100: 19.99, 250: 19.99, 500: 39.99, 1: 59.99}"], "Lat": 30.022071, "Long": -89.970612, "cv_normalized": 0.3571428571}, {"median_cv": 14.63, "block_pricing": ["{100: 49.99, 250: 49.99, 500: 69.99, 1: 89.99}", "{100: 49.99, 250: 49.99, 500: 69.99, 1: 99.99}", "{100: 19.99, 250: 19.99, 500: 39.99, 1: 69.99}", "{100: 49.99, 250: 89.99, 500: 99.99, 1: 119.99}", "{100: 19.99, 250: 19.99, 500: 39.99, 1: 59.99}", "{100: 19.99, 250: 19.99, 500: 29.99, 1: 39.99}", "{100: 49.99, 250: 49.99, 500: 59.99, 1: 69.99}"], "Lat": 30.021677, "Long": -89.977301, "cv_normalized": 0.3571428571}, {"median_cv": 10.24, "block_pricing": ["{100: 19.99, 250: 19.99, 500: 39.99, 1: 69.99}", "{100: 49.99, 250: 49.99, 500: 69.99, 1: 99.99}", "{100: 49.99, 250: 49.99, 500: 69.99, 1: 89.99}"], "Lat": 30.020355, "Long": -89.982947, "cv_normalized": 0.100117096}, {"median_cv": 10.24, "block_pricing": ["{100: 19.99, 250: 19.99, 500: 39.99, 1: 69.99}", "{100: 49.99, 250: 49.99, 500: 69.99, 1: 99.99}", "{100: 49.99, 250: 89.99, 500: 99.99, 1: 119.99}", "{100: 49.99, 250: 49.99, 500: 69.99, 1: 89.99}", "{100: 19.99, 250: 19.99, 500: 39.99, 1: 59.99}", "{100: 49.99, 250: 79.99, 500: 89.99, 1: 109.99}"], "Lat": 30.01886, "Long": -89.986477, "cv_normalized": 0.100117096}, {"median_cv": 14.63, "block_pricing": ["{100: 19.99, 250: 19.99, 500: 39.99, 1: 69.99}", "{100: 49.99, 250: 49.99, 500: 69.99, 1: 99.99}", "{100: 49.99, 250: 89.99, 500: 99.99, 1: 119.99}", "{100: 49.99, 250: 49.99, 500: 69.99, 1: 89.99}", "{100: 49.99, 250: 49.99, 500: 59.99, 1: 69.99}", "{100: 19.99, 250: 19.99, 500: 29.99, 1: 39.99}"], "Lat": 30.0349745, "Long": -90.0081265, "cv_normalized": 0.3571428571}, {"median_cv": 10.24, "block_pricing": ["{100: 19.99, 250: 19.99, 500: 39.99, 1: 69.99}", "{100: 49.99, 250: 49.99, 500: 69.99, 1: 99.99}", "{100: 49.99, 250: 89.99, 500: 99.99, 1: 119.99}", "{100: 49.99, 250: 49.99, 500: 69.99, 1: 89.99}"], "Lat": 30.032291, "Long": -90.014036, "cv_normalized": 0.100117096}, {"median_cv": 14.63, "block_pricing": ["{100: 19.99, 250: 19.99, 500: 39.99, 1: 59.99}", "{100: 19.99, 250: 19.99, 500: 39.99, 1: 69.99}", "{100: 49.99, 250: 49.99, 500: 69.99, 1: 99.99}", "{100: 49.99, 250: 49.99, 500: 69.99, 1: 89.99}", "{100: 49.99, 250: 89.99, 500: 99.99, 1: 119.99}", "{100: 49.99, 250: 62.49, 500: 72.49, 1: 92.49}"], "Lat": 30.028217, "Long": -90.022234, "cv_normalized": 0.3571428571}, {"median_cv": 14.63, "block_pricing": ["{100: 19.99, 250: 19.99, 500: 39.99, 1: 69.99}", "{100: 49.99, 250: 49.99, 500: 69.99, 1: 99.99}", "{100: 19.99, 250: 19.99, 500: 39.99, 1: 59.99}", "{100: 49.99, 250: 89.99, 500: 99.99, 1: 119.99}"], "Lat": 30.032134, "Long": -90.021414, "cv_normalized": 0.3571428571}, {"median_cv": 10.24, "block_pricing": ["{100: 49.9