[{"median_cv": 14.63, "block_pricing": ["{100: 49.99, 250: 49.99, 500: 59.99, 1: 69.99}", "{100: 19.99, 250: 19.99, 500: 29.99, 1: 39.99}", "{100: 49.99, 250: 49.99, 500: 69.99, 1: 99.99}", "{100: 49.99, 250: 89.99, 500: 99.99, 1: 119.99}"], "Lat": 35.525674, "Long": -97.532319, "cv_normalized": 0.3571428571}, {"median_cv": 14.63, "block_pricing": ["{100: 49.99, 250: 49.99, 500: 59.99, 1: 69.99}", "{100: 19.99, 250: 19.99, 500: 29.99, 1: 39.99}"], "Lat": 35.520116, "Long": -97.523753, "cv_normalized": 0.3571428571}, {"median_cv": 14.63, "block_pricing": ["{100: 49.99, 250: 49.99, 500: 59.99, 1: 69.99}", "{100: 19.99, 250: 19.99, 500: 29.99, 1: 39.99}"], "Lat": 35.517153, "Long": -97.536381, "cv_normalized": 0.3571428571}, {"median_cv": 14.63, "block_pricing": ["{100: 49.99, 250: 89.99, 500: 99.99, 1: 119.99}", "{100: 19.99, 250: 19.99, 500: 29.99, 1: 39.99}", "{100: 49.99, 250: 49.99, 500: 59.99, 1: 69.99}"], "Lat": 35.506436, "Long": -97.558077, "cv_normalized": 0.3571428571}, {"median_cv": 14.63, "block_pricing": ["{100: 49.99, 250: 49.99, 500: 59.99, 1: 69.99}", "{100: 19.99, 250: 19.99, 500: 39.99, 1: 69.99}", "{100: 49.99, 250: 49.99, 500: 69.99, 1: 99.99}"], "Lat": 35.508857, "Long": -97.556489, "cv_normalized": 0.3571428571}, {"median_cv": 14.63, "block_pricing": ["{100: 49.99, 250: 49.99, 500: 59.99, 1: 69.99}", "{100: 19.99, 250: 19.99, 500: 29.99, 1: 39.99}", "{100: 19.99, 250: 19.99, 500: 39.99, 1: 69.99}"], "Lat": 35.5096715, "Long": -97.543672, "cv_normalized": 0.3571428571}, {"median_cv": 25.61, "block_pricing": ["{100: 19.99, 250: 19.99, 500: 29.99, 1: 39.99}", "{100: 49.99, 250: 49.99, 500: 59.99, 1: 69.99}"], "Lat": 35.5048325, "Long": -97.5493835, "cv_normalized": 1.0}, {"median_cv": 14.63, "block_pricing": ["{100: 19.99, 250: 19.99, 500: 29.99, 1: 39.99}", "{100: 49.99, 250: 49.99, 500: 59.99, 1: 69.99}"], "Lat": 35.5032755, "Long": -97.557099, "cv_normalized": 0.3571428571}, {"median_cv": 14.63, "block_pricing": ["{100: 49.99, 250: 89.99, 500: 99.99, 1: 119.99}", "{100: 49.99, 250: 49.99, 500: 59.99, 1: 69.99}"], "Lat": 35.4992315, "Long": -97.55836, "cv_normalized": 0.3571428571}, {"median_cv": 14.63, "block_pricing": ["{100: 49.99, 250: 49.99, 500: 59.99, 1: 69.99}", "{100: 19.99, 250: 19.99, 500: 29.99, 1: 39.99}", "{100: 49.99, 250: 89.99, 500: 99.99, 1: 119.99}"], "Lat": 35.496614, "Long": -97.550444, "cv_normalized": 0.3571428571}, {"median_cv": 14.63, "block_pricing": ["{100: 49.99, 250: 49.99, 500: 59.99, 1: 69.99}", "{100: 19.99, 250: 19.99, 500: 29.99, 1: 39.99}", "{100: 49.99, 250: 49.99, 500: 69.99, 1: 89.99}", "{100: 49.99, 250: 49.99, 500: 69.99, 1: 99.99}"], "Lat": 35.511734, "Long": -97.53746, "cv_normalized": 0.3571428571}, {"median_cv": 14.63, "block_pricing": ["{100: 49.99, 250: 49.99, 500: 59.99, 1: 69.99}", "{100: 19.99, 250: 19.99, 500: 29.99, 1: 39.99}"], "Lat": 35.511728, "Long": -97.52808, "cv_normalized": 0.3571428571}, {"median_cv": 14.63, "block_pricing": ["{100: 49.99, 250: 49.99, 500: 59.99, 1: 69.99}", "{100: 49.99, 250: 89.99, 500: 99.99, 1: 119.99}", "{100: 19.99, 250: 19.99, 500: 29.99, 1: 39.99}"], "Lat": 35.512878, "Long": -97.522067, "cv_normalized": 0.3571428571}, {"median_cv": 25.61, "block_pricing": ["{100: 19.99, 250: 19.99, 500: 29.99, 1: 39.99}", "{100: 49.99, 250: 89.99, 500: 99.99, 1: 119.99}", "{100: 19.99, 250: 19.99, 500: 39.99, 1: 69.99}", "{100: 49.99, 250: 49.99, 500: 59.99, 1: 69.99}"], "Lat": 35.49559, "Long": -97.481376, "cv_normalized": 1.0}, {"median_cv": 14.63, "block_pricing": ["{100: 49.99, 250: 49.99, 500: 69.99, 1: 99.99}", "{100: 19.99, 250: 19.99, 500: 39.99, 1: 69.99}", "{100: 19.99, 250: 19.99, 500: 29.99, 1: 39.99}", "{100: 19.99, 250: 19.99, 500: 39.99, 1: 59.99}"], "Lat": 35.496609, "Long": -97.485453, "cv_normalized": 0.3571428571}, {"median_cv": 14.63, "block_pricing": ["{100: 49.99, 250: 89.99, 500: 99.99, 1: 119.99}", "{100: 19.99, 250: 19.99, 500: 39.99, 1: 69.99}", "{100: 49.99, 250: 49.99, 500: 69.99, 1: 99.99}", "{100: 49.99, 250: 49.99, 500: 59.99, 1: 69.99}", "{100: 19.99, 250: 19.99, 500: 29.99, 1: 39.99}"], "Lat": 35.500659, "Long": -97.487585, "cv_normalized": 0.3571428571}, {"median_cv": 14.63, "block_pricing": ["{100: 19.99, 250: 19.99, 500: 39.99, 1: 69.99}", "{100: 49.99, 250: 49.99, 500: 69.99, 1: 99.99}", "{100: 49.99, 250: 49.99, 500: 69.99, 1: 89.99}", "{100: 19.99, 250: 19.99, 500: 39.99, 1: 59.99}"], "Lat": 35.505026, "Long": -97.486871, "cv_normalized": 0.3571428571}, {"median_cv": 14.63, "block_pricing": ["{100: 19.99, 250: 19.99, 500: 39.99, 1: 69.99}", "{100: 49.99, 250: 49.99, 500: 69.99, 1: 99.99}", "{100: 19.99, 250: 19.99, 500: 29.99, 1: 39.99}", "{100: 19.99, 250: 19.99, 500: 39.99, 1: 59.99}", "{100: 49.99, 250: 49.99, 500: 59.99, 1: 69.99}"], "Lat": 35.503212, "Long": -97.498028, "cv_normalized": 0.3571428571}, {"median_cv": 20.12, "block_pricing": ["{100: 19.99, 250: 19.99, 500: 29.99, 1: 39.99}", "{100: 49.99, 250: 49.99, 500: 69.99, 1: 99.99}", "{100: 19.99, 250: 19.99, 500: 39.99, 1: 69.99}"], "Lat": 35.4990915, "Long": -97.496288, "cv_normalized": 0.6785714286}, {"median_cv": 14.63, "block_pricing": ["{100: 49.99, 250: 49.99, 500: 69.99, 1: 99.99}", "{100: 19.99, 250: 19.99, 500: 39.99, 1: 69.99}", "{100: 19.99, 250: 19.99, 500: 39.99, 1: 59.99}", "{100: 19.99, 250: 19.99, 500: 29.99, 1: 39.99}"], "Lat": 35.504772, "Long": -97.501866, "cv_normalized": 0.3571428571}, {"median_cv": 14.63, "block_pricing": ["{100: 49.99, 250: 49.99, 500: 59.99, 1: 69.99}", "{100: 49.99, 250: 89.99, 500: 99.99, 1: 119.99}", "{100: 19.99, 250: 19.99, 500: 29.99, 1: 39.99}"], "Lat": 35.504895, "Long": -97.516431, "cv_normalized": 0.3571428571}, {"median_cv": 25.61, "block_pricing": ["{100: 49.99, 250: 79.99, 500: 89.99, 1: 109.99}", "{100: 19.99, 250: 19.99, 500: 29.99, 1: 39.99}", "{100: 49.99, 250: 49.99, 500: 59.99, 1: 69.99}"], "Lat": 35.504997, "Long": -97.527567, "cv_normalized": 1.0}, {"median_cv": 14.63, "block_pricing": ["{100: 19.99, 250: 19.99, 500: 29.99, 1: 39.99}", "{100: 49.99, 250: 49.99, 500: 59.99, 1: 69.99}", "{100: 49.99, 250: 49.99, 500: 69.99, 1: 99.99}", "{100: 49.99, 250: 89.99, 500: 99.99, 1: 119.99}"], "Lat": 35.503655, "Long": -97.523736, "cv_normalized": 0.3571428571}, {"median_cv": 14.63, "block_pricing": ["{100: 49.99, 250: 49.99, 500: 59.99, 1: 69.99}", "{100: 19.99, 250: 19.99, 500: 29.99, 1: 39.99}", "{100: 49.99, 250: 89.99, 500: 99.99, 1: 119.99}"], "Lat": 35.506024, "Long": -97.541831, "cv_normalized": 0.3571428571}, {"median_cv": 14.63, "block_pricing": ["{100: 49.99, 250: 49.99, 500: 69.99, 1: 99.99}", "{100: 19.99, 250: 19.99, 500: 39.99, 1: 59.99}", "{100: 49.99, 250: 49.99, 500: 59.99, 1: 69.99}", "{100: 49.99, 250: 72.49, 500: 82.49, 1: 102.49}", "{100: 49.99, 250: 89.99, 500: 99.99, 1: 119.99}", "{100: 19.99, 250: 19.99, 500: 29.99, 1: 39.99}", "{100: 19.99, 250: 19.99, 500: 39.99, 1: 69.99}"], "Lat": 35.5050155, "Long": -97.5355425, "cv_normalized": 0.3571428571}, {"median_cv": 14.63, "block_pricing": ["{100: 49.99, 250: 49.99, 500: 59.99, 1: 69.99}", "{100: 19.99, 250: 19.99, 500: 29.99, 1: 39.99}", "{100: 49.99, 250: 89.99, 500: 99.99, 1: 119.99}"], "Lat": 35.502558, "Long": -97.54239, "cv_normalized": 0.3571428571}, {"median_cv": 14.63, "block_pricing": ["{100: 49.99, 250: 49.99, 500: 59.99, 1: 69.99}", "{100: 19.99, 250: 19.99, 500: 29.99, 1: 39.99}", "{100: 49.99, 250: 89.99, 500: 99.99, 1: 119.99}"], "Lat": 35.495366, "Long": -97.5740615, "cv_normalized": 0.3571428571}, {"median_cv": 14.63, "block_pricing": ["{100: 49.99, 250: 49.99, 500: 59.99, 1: 69.99}"], "Lat": 35.495626, "Long": -97.559009, "cv_normalized": 0.3571428571}, {"median_cv": 14.63, "block_pricing": ["{100: 19.99, 250: 19.99, 500: 39.99, 1: 59.99}", "{100: 19.99, 250: 19.99, 500: 39.99, 1: 69.99}", "{100: 49.99, 250: 89.99, 500: 99.99, 1: 119.99}", "{100: 49.99, 250: 49.99, 500: 59.99, 1: 69.99}", "{100: 49.99, 250: 49.99, 500: 69.99, 1: 99.99}", "{100: 49.99, 250: 49.99, 500: 69.99, 1: 89.99}"], "Lat": 35.49775, "Long": -97.531395, "cv_normalized": 0.3571428571}, {"median_cv": 10.24, "block_pricing": ["{100: 49.99, 250: 89.99, 500: 99.99, 1: 119.99}", "{100: 49.99, 250: 49.99, 500: 69.99, 1: 99.99}"], "Lat": 35.49469, "Long": -97.536485, "cv_normalized": 0.100117096}, {"median_cv": 14.63, "block_pricing": ["{100: 19.99, 250: 19.99, 500: 39.99, 1: 69.99}", "{100: 19.99, 250: 19.99, 500: 39.99, 1: 59.99}", "{100: 49.99, 250: 49.99, 500: 69.99, 1: 89.99}"], "Lat": 35.499759, "Long": -97.54443, "cv_normalized": 0.3571428571}, {"median_cv": 14.63, "block_pricing": ["{100: 49.99, 250: 49.99, 500: 59.99, 1: 69.99}", "{100: 19.99, 250: 19.99, 500: 29.99, 1: 39.99}", "{100: 49.99, 250: 89.99, 500: 99.99, 1: 119.99}"], "Lat": 35.499006, "Long": -97.5407475, "cv_normalized": 0.3571428571}, {"median_cv": 14.63, "block_pricing": ["{100: 49.99, 250: 49.99, 500: 59.99, 1: 69.99}", "{100: 19.99, 250: 19.99, 500: 29.99, 1: 39.99}", "{100: 49.99, 250: 89.99, 500: 99.99, 1: 119.99}", "{100: 19.99, 250: 19.99, 500: 39.99, 1: 69.99}", "{100: 49.99, 250: 49.99, 500: 69.99, 1: 99.99}"], "Lat": 35.495754, "Long": -97.5243575, "cv_normalized": 0.3571428571}, {"median_cv": 14.63, "block_pricing": ["{100: 19.99, 250: 19.99, 500: 39.99, 1: 69.99}", "{100: 49.99, 250: 49.99, 500: 69.99, 1: 99.99}", "{100: 49.99, 250: 49.99, 500: 59.99, 1: 69.99}"], "Lat": 35.497696, "Long": -97.514741, "cv_normalized": 0.3571428571}, {"median_cv": 10.24, "block_pricing": ["{100: 19.99, 250: 19.99, 500: 29.99, 1: 39.99}", "{100: 49.99, 250: 49.99, 500: 69.99, 1: 99.99}"], "Lat": 35.497852, "Long": -97.519226, "cv_normalized": 0.100117096}, {"median_cv": 10.81, "block_pricing": ["{100: 49.99, 250: 89.99, 500: 99.99, 1: 119.99}", "{100: 49.99, 250: 49.99, 500: 69.99, 1: 89.99}", "{100: 19.99, 250: 19.99, 500: 39.99, 1: 69.99}", "{100: 49.99, 250: 49.99, 500: 69.99, 1: 99.99}", "{100: 19.99, 250: 19.99, 500: 39.99, 1: 59.99}"], "Lat": 35.487972, "Long": -97.462526, "cv_normalized": 0.1334894614}, {"median_cv": 14.63, "block_pricing": ["{100: 49.99, 250: 49.99, 500: 69.99, 1: 89.99}", "{100: 19.99, 250: 19.99, 500: 39.99, 1: 69.99}", "{100: 49.99, 250: 49.99, 500: 69.99, 1: 99.99}", "{100: 19.99, 250: 19.99, 500: 39.99, 1: 59.99}", "{100: 19.99, 250: 19.99, 500: 29.99, 1: 39.99}"], "Lat": 35.487962, "Long": -97.469284, "cv_normalized": 0.3571428571}, {"median_cv": 14.63, "block_pricing": ["{100: 19.99, 250: 19.99, 500: 29.99, 1: 39.99}", "{100: 49.99, 250: 49.99, 500: 59.99, 1: 69.99}", "{100: 49.99, 250: 49.99, 500: 69.99, 1: 99.99}", "{100: 19.99, 250: 19.99, 500: 39.99, 1: 69.99}", "{100: 19.99, 250: 19.99, 500: 39.99, 1: 59.99}", "{100: 49.99, 250: 49.99, 500: 69.99, 1: 89.99}"], "Lat": 35.4878635, "Long": -97.478956, "cv_normalized": 0.3571428571}, {"median_cv": 25.61, "block_pricing": ["{100: 19.99, 250: 19.99, 500: 29.99, 1: 39.99}", "{100: 49.99, 250: 49.99, 500: 59.99, 1: 69.99}", "{100: 19.99, 250: 19.99, 500: 39.99, 1: 69.99}", "{100: 19.99, 250: 19.99, 500: 39.99, 1: 59.99}"], "Lat": 35.489745, "Long": -97.484149, "cv_normalized": 1.0}, {"median_cv": 14.63, "block_pricing": ["{100: 49.99, 250: 49.99, 500: 69.99, 1: 99.99}", "{100: 19.99, 250: 19.99, 500: 29.99, 1: 39.99}", "{100: 19.99, 250: 19.99, 500: 39.99, 1: 69.99}", "{100: 19.99, 250: 19.99, 500: 39.99, 1: 59.99}", "{100: 49.99, 250: 89.99, 500: 99.99, 1: 119.99}", "{100: 49.99, 250: 49.99, 500: 59.99, 1: 69.99}", "{100: 19.99, 250: 59.99, 500: 59.99, 1: 79.99}"], "Lat": 35.4910425, "Long": -97.480331, "cv_normalized": 0.3571428571}, {"median_cv": 14.63, "block_pricing": ["{100: 19.99, 250: 19.99, 500: 39.99, 1: 59.99}", "{100: 49.99, 250: 89.99, 500: 99.99, 1: 119.99}", "{100: 19.99, 250: 19.99, 500: 39.99, 1: 69.99}", "{100: 49.99, 250: 49.99, 500: 69.99, 1: 99.99}", "{100: 49.99, 250: 49.99, 500: 69.99, 1: 89.99}", "{100: 19.99, 250: 19.99, 500: 29.99, 1: 39.99}"], "Lat": 35.491061, "Long": -97.471522, "cv_normalized": 0.3571428571}, {"median_cv": 14.63, "block_pricing": ["{100: 49.99, 250: 49.99, 500: 59.99, 1: 69.99}", "{100: 19.99, 250: 19.99, 500: 29.99, 1: 39.99}", "{100: 19.99, 250: 19.99, 500: 39.99, 1: 69.99}", "{100: 49.99, 250: 49.99, 500: 69.99, 1: 99.99}"], "Lat": 35.488737, "Long": -97.492681, "cv_normalized": 0.3571428571}, {"median_cv": 25.61, "block_pricing": ["{100: 19.99, 250: 19.99, 500: 29.99, 1: 39.99}", "{100: 49.99, 250: 49.99, 500: 59.99, 1: 69.99}", "{100: 49.99, 250: 49.99, 500: 69.99, 1: 99.99}", "{100: 19.99, 250: 19.99, 500: 39.99, 1: 69.99}"], "Lat": 35.487075, "Long": -97.486976, "cv_normalized": 1.0}, {"median_cv": 14.63, "block_pricing": ["{100: 49.99, 250: 49.99, 500: 69.99, 1: 99.99}", "{100: 49.99, 250: 49.99, 500: 59.99, 1: 69.99}", "{100: 49.99, 250: 49.99, 500: 69.99, 1: 89.99}", "{100: 19.99, 250: 19.99, 500: 29.99, 1: 39.99}", "{100: 49.99, 250: 89.99, 500: 99.99, 1: 119.99}"], "Lat": 35.489326, "Long": -97.499563, "cv_normalized": 0.3571428571}, {"median_cv": 14.63, "block_pricing": ["{100: 49.99, 250: 49.99, 500: 59.99, 1: 69.99}", "{100: 49.99, 250: 49.99, 500: 69.99, 1: 99.99}", "{100: 49.99, 250: 49.99, 500: 69.99, 1: 89.99}", "{100: 19.99, 250: 19.99, 500: 29.99, 1: 39.99}", "{100: 49.99, 250: 89.99, 500: 99.99, 1: 119.99}"], "Lat": 35.4867715, "Long": -97.4972715, "cv_normalized": 0.3571428571}, {"median_cv": 14.63, "block_pricing": ["{100: 49.99, 250: 49.99, 500: 69.99, 1: 89.99}", "{100: 19.99, 250: 19.99, 500: 39.99, 1: 69.99}", "{100: 49.99, 250: 89.99, 500: 99.99, 1: 119.99}", "{100: 49.99, 250: 49.99, 500: 59.99, 1: 69.99}"], "Lat": 35.4848325, "Long": -97.5044665, "cv_normalized": 0.3571428571}, {"median_cv": 14.63, "block_pricing": ["{100: 49.99, 250: 49.99, 500: 59.99, 1: 69.99}"], "Lat": 35.48734, "Long": -97.515188, "cv_normalized": 0.3571428571}, {"median_cv": 14.63, "block_pricing": ["{100: 49.99, 250: 49.99, 500: 59.99, 1: 69.99}", "{100: 19.99, 250: 19.99, 500: 29.99, 1: 39.99}", "{100: 49.99, 250: 89.99, 500: 99.99, 1: 119.99}"], "Lat": 35.489446, "Long": -97.519401, "cv_normalized": 0.3571428571}, {"median_cv": 14.63, "block_pricing": ["{100: 49.99, 250: 49.99, 500: 59.99, 1: 69.99}", "{100: 19.99, 250: 19.99, 500: 29.99, 1: 39.99}"], "Lat": 35.484436, "Long": -97.52442, "cv_normalized": 0.3571428571}, {"median_cv": 14.63, "block_pricing": ["{100: 49.99, 250: 49.99, 500: 59.99, 1: 69.99}", "{100: 49.99, 250: 89.99, 500: 99.99, 1: 119.99}"], "Lat": 35.488619, "Long": -97.5276285, "cv_normalized": 0.3571428571}, {"median_cv": 14.63, "block_pricing": ["{100: 49.99, 250: 49.99, 500: 59.99, 1: 69.99}", "{100: 19.99, 250: 19.99, 500: 39.99, 1: 69.99}", "{100: 49.99, 250: 49.99, 500: 69.99, 1: 99.99}", "{100: 49.99, 250: 49.99, 500: 69.99, 1: 89.99}", "{100: 19.99, 250: 19.99, 500: 29.99, 1: 39.99}"], "Lat": 35.489428, "Long": -97.523607, "cv_normalized": 0.3571428571}, {"median_cv": 14.63, "block_pricing": ["{100: 49.99, 250: 49.99, 500: 69.99, 1: 89.99}", "{100: 19.99, 250: 19.99, 500: 29.99, 1: 39.99}", "{100: 49.99, 250: 49.99, 500: 69.99, 1: 99.99}", "{100: 49.99, 250: 49.99, 500: 59.99, 1: 69.99}", "{100: 49.99, 250: 89.99, 500: 99.99, 1: 119.99}", "{100: 19.99, 250: 19.99, 500: 39.99, 1: 59.99}"], "Lat": 35.491908, "Long": -97.543887, "cv_normalized": 0.3571428571}, {"median_cv": 14.63, "block_pricing": ["{100: 49.99, 250: 49.99, 500: 59.99, 1: 69.99}", "{100: 19.99, 250: 19.99, 500: 29.99, 1: 39.99}", "{100: 19.99, 250: 19.99, 500: 39.99, 1: 59.99}", "{100: 19.99, 250: 19.99, 500: 39.99, 1: 69.99}", "{100: 49.99, 250: 49.99, 500: 69.99, 1: 99.99}", "{100: 49.99, 250: 62.49, 500: 72.49, 1: 92.49}", "{100: 49.99, 250: 49.99, 500: 69.99, 1: 89.99}"], "Lat": 35.489546, "Long": -97.535686, "cv_normalized": 0.3571428571}, {"median_cv": 14.63, "block_pricing": ["{100: 19.99, 250: 19.99, 500: 29.99, 1: 39.99}", "{100: 49.99, 250: 89.99, 500: 99.99, 1: 119.99}", "{100: 49.99, 250: 49.99, 500: 59.99, 1: 69.99}"], "Lat": 35.487846, "Long": -97.544011, "cv_normalized": 0.3571428571}, {"median_cv": 14.63, "block_pricing": ["{100: 49.99, 250: 49.99, 500: 59.99, 1: 69.99}", "{100: 19.99, 250: 19.99, 500: 29.99, 1: 39.99}", "{100: 49.99, 250: 62.49, 500: 72.49, 1: 92.49}", "{100: 49.99, 250: 89.99, 500: 99.99, 1: 119.99}"], "Lat": 35.48941, "Long": -97.560873, "cv_normalized": 0.3571428571}, {"median_cv": 14.63, "block_pricing": ["{100: 49.99, 250: 49.99, 500: 59.99, 1: 69.99}", "{100: 19.99, 250: 19.99, 500: 29.99, 1: 39.99}", "{100: 49.99, 250: 89.99, 500: 99.99, 1: 119.99}", "{100: 49.99, 250: 49.99, 500: 69.99, 1: 89.99}"], "Lat": 35.489733, "Long": -97.553353, "cv_normalized": 0.3571428571}, {"median_cv": 14.63, "block_pricing": ["{100: 49.99, 250: 49.99, 500: 59.99, 1: 69.99}", "{100: 19.99, 250: 19.99, 500: 29.99, 1: 39.99}"], "Lat": 35.4919535, "Long": -97.5806595, "cv_normalized": 0.3571428571}, {"median_cv": 14.63, "block_pricing": ["{100: 49.99, 250: 49.99, 500: 59.99, 1: 69.99}", "{100: 19.99, 250: 19.99, 500: 29.99, 1: 39.99}", "{100: 49.99, 250: 89.99, 500: 99.99, 1: 119.99}"], "Lat": 35.489638, "Long": -97.574443, "cv_normalized": 0.3571428571}, {"median_cv": 25.61, "block_pricing": ["{100: 49.99, 250: 49.99, 500: 59.99, 1: 69.99}", "{100: 19.99, 250: 19.99, 500: 29.99, 1: 39.99}"], "Lat": 35.4900385, "Long": -97.5671475, "cv_normalized": 1.0}, {"median_cv": 14.63, "block_pricing": ["{100: 19.99, 250: 19.99, 500: 29.99, 1: 39.99}", "{100: 49.99, 250: 49.99, 500: 59.99, 1: 69.99}"], "Lat": 35.4828325, "Long": -97.580308, "cv_normalized": 0.3571428571}, {"median_cv": 14.63, "block_pricing": ["{100: 49.99, 250: 49.99, 500: 59.99, 1: 69.99}", "{100: 19.99, 250: 19.99, 500: 29.99, 1: 39.99}"], "Lat": 35.480939, "Long": -97.572643, "cv_normalized": 0.3571428571}, {"median_cv": 25.61, "block_pricing": ["{100: 49.99, 250: 49.99, 500: 59.99, 1: 69.99}", "{100: 19.99, 250: 19.99, 500: 29.99, 1: 39.99}"], "Lat": 35.482917, "Long": -97.568312, "cv_normalized": 1.0}, {"median_cv": 14.63, "block_pricing": ["{100: 49.99, 250: 49.99, 500: 59.99, 1: 69.99}", "{100: 19.99, 250: 19.99, 500: 29.99, 1: 39.99}"], "Lat": 35.483284, "Long": -97.5634115, "cv_normalized": 0.3571428571}, {"median_cv": 25.61, "block_pricing": ["{100: 19.99, 250: 19.99, 500: 29.99, 1: 39.99}", "{100: 49.99, 250: 49.99, 500: 59.99, 1: 69.99}"], "Lat": 35.481384, "Long": -97.558536, "cv_normalized": 1.0}, {"median_cv": 25.61, "block_pricing": ["{100: 49.99, 250: 49.99, 500: 59.99, 1: 69.99}", "{100: 19.99, 250: 19.99, 500: 29.99, 1: 39.99}"], "Lat": 35.483494, "Long": -97.5542405, "cv_normalized": 1.0}, {"median_cv": 25.61, "block_pricing": ["{100: 19.99, 250: 19.99, 500: 29.99, 1: 39.99}", "{100: 49.99, 250: 49.99, 500: 59.99, 1: 69.99}", "{100: 49.99, 250: 89.99, 500: 99.99, 1: 119.99}"], "Lat": 35.4836, "Long": -97.550591, "cv_normalized": 1.0}, {"median_cv": 25.61, "block_pricing": ["{100: 49.99, 250: 49.99, 500: 59.99, 1: 69.99}", "{100: 19.99, 250: 19.99, 500: 29.99, 1: 39.99}", "{100: 49.99, 250: 89.99, 500: 99.99, 1: 119.99}"], "Lat": 35.483432, "Long": -97.54293, "cv_normalized": 1.0}, {"median_cv": 25.61, "block_pricing": ["{100: 19.99, 250: 19.99, 500: 29.99, 1: 39.99}", "{100: 49.99, 250: 49.99, 500: 59.99, 1: 69.99}"], "Lat": 35.482933, "Long": -97.5391505, "cv_normalized": 1.0}, {"median_cv": 25.61, "block_pricing": ["{100: 49.99, 250: 49.99, 500: 69.99, 1: 99.99}", "{100: 19.99, 250: 19.99, 500: 39.99, 1: 69.99}", "{100: 49.99, 250: 49.99, 500: 69.99, 1: 89.99}", "{100: 19.99, 250: 19.99, 500: 29.99, 1: 39.99}", "{100: 49.99, 250: 49.99, 500: 59.99, 1: 69.99}"], "Lat": 35.482443, "Long": -97.533413, "cv_normalized": 1.0}, {"median_cv": 14.63, "block_pricing": ["{100: 19.99, 250: 19.99, 500: 29.99, 1: 39.99}", "{100: 49.99, 250: 49.99, 500: 59.99, 1: 69.99}", "{100: 19.99, 250: 19.99, 500: 39.99, 1: 69.99}", "{100: 49.99, 250: 89.99, 500: 99.99, 1: 119.99}"], "Lat": 35.480449, "Long": -97.5437245, "cv_normalized": 0.3571428571}, {"median_cv": 10.24, "block_pricing": ["{100: 49.99, 250: 49.99, 500: 69.99, 1: 99.99}"], "Lat": 35.480581, "Long": -97.507513, "cv_normalized": 0.100117096}, {"median_cv": 17.07, "block_pricing": ["{100: 19.99, 250: 19.99, 500: 39.99, 1: 69.99}", "{100: 19.99, 250: 19.99, 500: 39.99, 1: 59.99}"], "Lat": 35.482339, "Long": -97.485386, "cv_normalized": 0.5}, {"median_cv": 14.63, "block_pricing": ["{100: 19.99, 250: 19.99, 500: 39.99, 1: 69.99}", "{100: 19.99, 250: 19.99, 500: 39.99, 1: 59.99}", "{100: 49.99, 250: 49.99, 500: 69.99, 1: 99.99}"], "Lat": 35.481825, "Long": -97.481855, "cv_normalized": 0.3571428571}, {"median_cv": 25.61, "block_pricing": ["{100: 19.99, 250: 19.99, 500: 29.99, 1: 39.99}", "{100: 49.99, 250: 49.99, 500: 59.99, 1: 69.99}"], "Lat": 35.4849745, "Long": -97.473878, "cv_normalized": 1.0}, {"median_cv": 25.61, "block_pricing": ["{100: 19.99, 250: 19.99, 500: 39.99, 1: 59.99}", "{100: 19.99, 250: 19.99, 500: 29.99, 1: 39.99}", "{100: 19.99, 250: 19.99, 500: 39.99, 1: 69.99}", "{100: 49.99, 250: 49.99, 500: 59.99, 1: 69.99}"], "Lat": 35.480866, "Long": -97.468997, "cv_normalized": 1.0}, {"median_cv": 14.63, "block_pricing": ["{100: 19.99, 250: 19.99, 500: 39.99, 1: 69.99}", "{100: 49.99, 250: 49.99, 500: 69.99, 1: 99.99}", "{100: 19.99, 250: 19.99, 500: 29.99, 1: 39.99}", "{100: 49.99, 250: 49.99, 500: 69.99, 1: 89.99}", "{100: 19.99, 250: 19.99, 500: 39.99, 1: 59.99}"], "Lat": 35.4776945, "Long": -97.4849085, "cv_normalized": 0.3571428571}, {"median_cv": 11.38, "block_pricing": ["{100: 19.99, 250: 19.99, 500: 39.99, 1: 69.99}", "{100: 49.99, 250: 49.99, 500: 69.99, 1: 89.99}", "{100: 49.99, 250: 49.99, 500: 69.99, 1: 99.99}"], "Lat": 35.473059, "Long": -97.480383, "cv_normalized": 0.1668618267}, {"median_cv": 10.24, "block_pricing": ["{100: 49.99, 250: 49.99, 500: 69.99, 1: 99.99}", "{100: 49.99, 250: 49.99, 500: 69.99, 1: 89.99}", "{100: 19.99, 250: 19.99, 500: 39.99, 1: 69.99}", "{100: 49.99, 250: 89.99, 500: 99.99, 1: 119.99}"], "Lat": 35.473077, "Long": -97.499303, "cv_normalized": 0.100117096}, {"median_cv": 14.63, "block_pricing": ["{100: 49.99, 250: 49.99, 500: 59.99, 1: 69.99}"], "Lat": 35.474579, "Long": -97.5251955, "cv_normalized": 0.3571428571}, {"median_cv": 14.63, "block_pricing": ["{100: 49.99, 250: 49.99, 500: 69.99, 1: 89.99}", "{100: 19.99, 250: 19.99, 500: 39.99, 1: 69.99}", "{100: 49.99, 250: 49.99, 500: 69.99, 1: 99.99}", "{100: 49.99, 250: 79.99, 500: 89.99, 1: 109.99}", "{100: 19.99, 250: 19.99, 500: 39.99, 1: 59.99}"], "Lat": 35.477478, "Long": -97.5407775, "cv_normalized": 0.3571428571}, {"median_cv": 11.38, "block_pricing": ["{100: 49.99, 250: 49.99, 500: 69.99, 1: 89.99}", "{100: 19.99, 250: 19.99, 500: 39.99, 1: 59.99}", "{100: 19.99, 250: 19.99, 500: 39.99, 1: 69.99}", "{100: 49.99, 250: 49.99, 500: 69.99, 1: 99.99}"], "Lat": 35.47623, "Long": -97.534279, "cv_normalized": 0.1668618267}, {"median_cv": 14.63, "block_pricing": ["{100: 19.99, 250: 19.99, 500: 39.99, 1: 59.99}", "{100: 19.99, 250: 19.99, 500: 39.99, 1: 69.99}", "{100: 19.99, 250: 19.99, 500: 29.99, 1: 39.99}", "{100: 49.99, 250: 49.99, 500: 69.99, 1: 99.99}"], "Lat": 35.470683, "Long": -97.542142, "cv_normalized": 0.3571428571}, {"median_cv": 14.63, "block_pricing": ["{100: 19.99, 250: 19.99, 500: 39.99, 1: 69.99}", "{100: 19.99, 250: 19.99, 500: 39.99, 1: 59.99}", "{100: 49.99, 250: 49.99, 500: 69.99, 1: 89.99}"], "Lat": 35.469621, "Long": -97.538353, "cv_normalized": 0.3571428571}, {"median_cv": 12.435, "block_pricing": ["{100: 49.99, 250: 49.99, 500: 59.99, 1: 69.99}", "{100: 49.99, 250: 49.99, 500: 69.99, 1: 99.99}", "{100: 19.99, 250: 19.99, 500: 39.99, 1: 59.99}"], "Lat": 35.4706865, "Long": -97.5022, "cv_normalized": 0.2286299766}, {"median_cv": 14.63, "block_pricing": ["{100: 49.99, 250: 49.99, 500: 69.99, 1: 89.99}", "{100: 19.99, 250: 19.99, 500: 39.99, 1: 69.99}", "{100: 19.99, 250: 19.99, 500: 39.99, 1: 59.99}", "{100: 49.99, 250: 49.99, 500: 69.99, 1: 99.99}", "{100: 49.99, 250: 49.99, 500: 59.99, 1: 69.99}"], "Lat": 35.444126, "Long": -97.505548, "cv_normalized": 0.3571428571}, {"median_cv": 14.63, "block_pricing": ["{100: 19.99, 250: 19.99, 500: 39.99, 1: 69.99}", "{100: 49.99, 250: 49.99, 500: 69.99, 1: 89.99}", "{100: 19.99, 250: 49.99, 500: 49.99, 1: 59.99}"], "Lat": 35.4530415, "Long": -97.496806, "cv_normalized": 0.3571428571}, {"median_cv": 14.63, "block_pricing": ["{100: 49.99, 250: 89.99, 500: 99.99, 1: 119.99}", "{100: 19.99, 250: 19.99, 500: 39.99, 1: 69.99}", "{100: 19.99, 250: 19.99, 500: 39.99, 1: 59.99}", "{100: 49.99, 250: 87.49, 500: 97.49, 1: 117.49}"], "Lat": 35.447338, "Long": -97.4997895, "cv_normalized": 0.3571428571}, {"median_cv": 14.63, "block_pricing": ["{100: 49.99, 250: 49.99, 500: 69.99, 1: 99.99}", "{100: 19.99, 250: 19.99, 500: 39.99, 1: 69.99}", "{100: 19.99, 250: 19.99, 500: 39.99, 1: 59.99}", "{100: 49.99, 250: 49.99, 500: 69.99, 1: 89.99}"], "Lat": 35.442728, "Long": -97.498911, "cv_normalized": 0.3571428571}, {"median_cv": 14.63, "block_pricing": ["{100: 19.99, 250: 19.99, 500: 39.99, 1: 69.99}", "{100: 19.99, 250: 19.99, 500: 29.99, 1: 39.99}"], "Lat": 35.438677, "Long": -97.505848, "cv_normalized": 0.3571428571}, {"median_cv": 14.63, "block_pricing": ["{100: 19.99, 250: 19.99, 500: 39.99, 1: 69.99}", "{100: 49.99, 250: 49.99, 500: 69.99, 1: 99.99}"], "Lat": 35.454948, "Long": -97.522562, "cv_normalized": 0.3571428571}, {"median_cv": 14.63, "block_pricing": ["{100: 19.99, 250: 19.99, 500: 39.99, 1: 69.99}", "{100: 49.99, 250: 49.99, 500: 69.99, 1: 89.99}", "{100: 19.99, 250: 19.99, 500: 39.99, 1: 59.99}"], "Lat": 35.452344, "Long": -97.539259, "cv_normalized": 0.3571428571}, {"median_cv": 14.63, "block_pricing": ["{100: 19.99, 250: 19.99, 500: 39.99, 1: 59.99}", "{100: 49.99, 250: 49.99, 500: 69.99, 1: 99.99}", "{100: 19.99, 250: 19.99, 500: 39.99, 1: 69.99}", "{100: 19.99, 250: 19.99, 500: 29.99, 1: 39.99}", "{100: 49.99, 250: 49.99, 500: 69.99, 1: 89.99}", "{100: 49.99, 250: 89.99, 500: 99.99, 1: 119.99}"], "Lat": 35.4481035, "Long": -97.544417, "cv_normalized": 0.3571428571}, {"median_cv": 14.63, "block_pricing": ["{100: 49.99, 250: 89.99, 500: 99.99, 1: 119.99}", "{100: 19.99, 250: 19.99, 500: 39.99, 1: 59.99}", "{100: 19.99, 250: 19.99, 500: 39.99, 1: 69.99}", "{100: 49.99, 250: 49.99, 500: 69.99, 1: 99.99}"], "Lat": 35.440659, "Long": -97.558542, "cv_normalized": 0.3571428571}, {"median_cv": 25.61, "block_pricing": ["{100: 19.99, 250: 19.99, 500: 29.99, 1: 39.99}", "{100: 19.99, 250: 19.99, 500: 39.99, 1: 69.99}", "{100: 49.99, 250: 49.99, 500: 59.99, 1: 69.99}", "{100: 19.99, 250: 19.99, 500: 39.99, 1: 59.99}"], "Lat": 35.43247, "Long": -97.559381, "cv_normalized": 1.0}, {"median_cv": 25.61, "block_pricing": ["{100: 19.99, 250: 19.99, 500: 29.99, 1: 39.99}", "{100: 49.99, 250: 49.99, 500: 59.99, 1: 69.99}", "{100: 19.99, 250: 19.99, 500: 39.99, 1: 69.99}", "{100: 49.99, 250: 89.99, 500: 99.99, 1: 119.99}"], "Lat": 35.430951, "Long": -97.562779, "cv_normalized": 1.0}, {"median_cv": 14.63, "block_pricing": ["{100: 19.99, 250: 19.99, 500: 39.99, 1: 59.99}", "{100: 19.99, 250: 19.99, 500: 39.99, 1: 69.99}", "{100: 19.99, 250: 19.99, 500: 29.99, 1: 39.99}", "{100: 49.99, 250: 89.99, 500: 99.99, 1: 119.99}", "{100: 49.99, 250: 49.99, 500: 69.99, 1: 89.99}"], "Lat": 35.442684, "Long": -97.551863, "cv_normalized": 0.3571428571}, {"median_cv": 14.63, "block_pricing": ["{100: 19.99, 250: 19.99, 500: 39.99, 1: 69.99}", "{100: 49.99, 250: 49.99, 500: 69.99, 1: 99.99}", "{100: 19.99, 250: 19.99, 500: 39.99, 1: 59.99}", "{100: 49.99, 250: 49.99, 500: 69.99, 1: 89.99}", "{100: 19.99, 250: 19.99, 500: 29.99, 1: 39.99}"], "Lat": 35.432499, "Long": -97.551184, "cv_normalized": 0.3571428571}, {"median_cv": 14.63, "block_pricing": ["{100: 19.99, 250: 19.99, 500: 39.99, 1: 69.99}", "{100: 49.99, 250: 49.99, 500: 69.99, 1: 99.99}", "{100: 19.99, 250: 19.99, 500: 39.99, 1: 59.99}", "{100: 19.99, 250: 19.99, 500: 29.99, 1: 39.99}", "{100: 19.99, 250: 49.99, 500: 39.99, 1: 39.99}"], "Lat": 35.4336805, "Long": -97.5539395, "cv_normalized": 0.3571428571}, {"median_cv": 25.61, "block_pricing": ["{100: 19.99, 250: 19.99, 500: 29.99, 1: 39.99}", "{100: 49.99, 250: 49.99, 500: 69.99, 1: 99.99}", "{100: 19.99, 250: 19.99, 500: 39.99, 1: 69.99}", "{100: 49.99, 250: 49.99, 500: 59.99, 1: 69.99}"], "Lat": 35.43805, "Long": -97.5428245, "cv_normalized": 1.0}, {"median_cv": 21.34, "block_pricing": ["{100: 19.99, 250: 19.99, 500: 29.99, 1: 39.99}", "{100: 49.99, 250: 49.99, 500: 69.99, 1: 99.99}", "{100: 19.99, 250: 19.99, 500: 39.99, 1: 59.99}", "{100: 19.99, 250: 19.99, 500: 39.99, 1: 69.99}", "{100: 49.99, 250: 49.99, 500: 59.99, 1: 69.99}"], "Lat": 35.432584, "Long": -97.541706, "cv_normalized": 0.75}, {"median_cv": 25.61, "block_pricing": ["{100: 19.99, 250: 19.99, 500: 29.99, 1: 39.99}", "{100: 49.99, 250: 49.99, 500: 59.99, 1: 69.99}", "{100: 49.99, 250: 89.99, 500: 99.99, 1: 119.99}", "{100: 49.99, 250: 89.99, 500: 99.99, 1: 119.99, 2: 149.99}"], "Lat": 35.429324, "Long": -97.542508, "cv_normalized": 1.0}, {"median_cv": 25.61, "block_pricing": ["{100: 19.99, 250: 19.99, 500: 39.99, 1: 69.99}", "{100: 49.99, 250: 89.99, 500: 99.99, 1: 119.99}", "{100: 19.99, 250: 19.99, 500: 29.99, 1: 39.99}", "{100: 49.99, 250: 49.99, 500: 59.99, 1: 69.99}", "{100: 49.99, 250: 49.99, 500: 69.99, 1: 99.99}"], "Lat": 35.439754, "Long": -97.535988, "cv_normalized": 1.0}, {"median_cv": 25.61, "block_pricing": ["{100: 19.99, 250: 19.99, 500: 29.99, 1: 39.99}", "{100: 49.99, 250: 49.99, 500: 69.99, 1: 99.99}", "{100: 19.99, 250: 19.99, 500: 39.99, 1: 69.99}", "{100: 19.99, 250: 19.99, 500: 39.99, 1: 59.99}"], "Lat": 35.436797, "Long": -97.5339085, "cv_normalized": 1.0}, {"median_cv": 25.61, "block_pricing": ["{100: 19.99, 250: 19.99, 500: 29.99, 1: 39.99}"], "Lat": 35.431324, "Long": -97.5353415, "cv_normalized": 1.0}, {"median_cv": 25.61, "block_pricing": ["{100: 19.99, 250: 19.99, 500: 29.99, 1: 39.99}", "{100: 49.99, 250: 49.99, 500: 59.99, 1: 69.99}", "{100: 19.99, 250: 19.99, 500: 39.99, 1: 59.99}", "{100: 49.99, 250: 49.99, 500: 69.99, 1: 99.99}"], "Lat": 35.438864, "Long": -97.5244755, "cv_normalized": 1.0}, {"median_cv": 25.61, "block_pricing": ["{100: 19.99, 250: 19.99, 500: 29.99, 1: 39.99}", "{100: 19.99, 250: 19.99, 500: 39.99, 1: 59.99}"], "Lat": 35.4394065, "Long": -97.5195525, "cv_normalized": 1.0}, {"median_cv": 14.63, "block_pricing": ["{100: 19.99, 250: 19.99, 500: 39.99, 1: 69.99}", "{100: 49.99, 250: 89.99, 500: 99.99, 1: 119.99}", "{100: 49.99, 250: 49.99, 500: 69.99, 1: 89.99}", "{100: 19.99, 250: 19.99, 500: 39.99, 1: 59.99}"], "Lat": 35.438059, "Long": -97.513462, "cv_normalized": 0.3571428571}, {"median_cv": 14.63, "block_pricing": ["{100: 19.99, 250: 19.99, 500: 39.99, 1: 69.99}", "{100: 19.99, 250: 19.99, 500: 39.99, 1: 59.99}", "{100: 19.99, 250: 19.99, 500: 29.99, 1: 39.99}", "{100: 49.99, 250: 49.99, 500: 69.99, 1: 99.99}", "{100: 49.99, 250: 89.99, 500: 99.99, 1: 119.99}"], "Lat": 35.430064, "Long": -97.502364, "cv_normalized": 0.3571428571}, {"median_cv": 14.63, "block_pricing": ["{100: 19.99, 250: 19.99, 500: 39.99, 1: 69.99}", "{100: 49.99, 250: 49.99, 500: 59.99, 1: 69.99}", "{100: 49.99, 250: 89.99, 500: 99.99, 1: 119.99}", "{100: 49.99, 250: 49.99, 500: 69.99, 1: 99.99}", "{100: 49.99, 250: 49.99, 500: 69.99, 1: 89.99}", "{100: 19.99, 250: 19.99, 500: 39.99, 1: 59.99}"], "Lat": 35.4305255, "Long": -97.4974075, "cv_normalized": 0.3571428571}, {"median_cv": 14.63, "block_pricing": ["{100: 19.99, 250: 19.99, 500: 29.99, 1: 39.99}", "{100: 19.99, 250: 19.99, 500: 39.99, 1: 69.99}", "{100: 49.99, 250: 49.99, 500: 69.99, 1: 99.99}", "{100: 19.99, 250: 19.99, 500: 39.99, 1: 59.99}", "{100: 49.99, 250: 89.99, 500: 99.99, 1: 119.99}"], "Lat": 35.425109, "Long": -97.50417, "cv_normalized": 0.3571428571}, {"median_cv": 14.63, "block_pricing": ["{100: 19.99, 250: 19.99, 500: 39.99, 1: 69.99}", "{100: 49.99, 250: 49.99, 500: 69.99, 1: 99.99}", "{100: 49.99, 250: 49.99, 500: 69.99, 1: 89.99}", "{100: 19.99, 250: 19.99, 500: 29.99, 1: 39.99}", "{100: 49.99, 250: 49.99, 500: 59.99, 1: 69.99}", "{100: 19.99, 250: 19.99, 500: 39.99, 1: 59.99}"], "Lat": 35.4289925, "Long": -97.5187435, "cv_normalized": 0.3571428571}, {"median_cv": 14.63, "block_pricing": ["{100: 19.99, 250: 19.99, 500: 39.99, 1: 69.99}", "{100: 19.99, 250: 19.99, 500: 39.99, 1: 59.99}", "{100: 49.99, 250: 49.99, 500: 69.99, 1: 89.99}", "{100: 49.99, 250: 49.99, 500: 69.99, 1: 99.99}", "{100: 19.99, 250: 19.99, 500: 29.99, 1: 39.99}"], "Lat": 35.431494, "Long": -97.510444, "cv_normalized": 0.3571428571}, {"median_cv": 14.63, "block_pricing": ["{100: 49.99, 250: 49.99, 500: 69.99, 1: 99.99}", "{100: 19.99, 250: 19.99, 500: 39.99, 1: 69.99}", "{100: 19.99, 250: 19.99, 500: 39.99, 1: 59.99}", "{100: 49.99, 250: 89.99, 500: 99.99, 1: 119.99}"], "Lat": 35.425796, "Long": -97.510052, "cv_normalized": 0.3571428571}, {"median_cv": 14.63, "block_pricing": ["{100: 49.99, 250: 49.99, 500: 69.99, 1: 99.99}", "{100: 49.99, 250: 89.99, 500: 99.99, 1: 119.99}", "{100: 19.99, 250: 19.99, 500: 39.99, 1: 69.99}", "{100: 19.99, 250: 19.99, 500: 39.99, 1: 59.99}", "{100: 49.99, 250: 49.99, 500: 69.99, 1: 89.99}"], "Lat": 35.4237245, "Long": -97.516343, "cv_normalized": 0.3571428571}, {"median_cv": 25.61, "block_pricing": ["{100: 49.99, 250: 49.99, 500: 59.99, 1: 69.99}", "{100: 19.99, 250: 19.99, 500: 39.99, 1: 69.99}", "{100: 19.99, 250: 19.99, 500: 29.99, 1: 39.99}", "{100: 49.99, 250: 89.99, 500: 99.99, 1: 119.99}", "{100: 49.99, 250: 49.99, 500: 69.99, 1: 99.99}", "{100: 19.99, 250: 19.99, 500: 39.99, 1: 59.99}"], "Lat": 35.431975, "Long": -97.525632, "cv_normalized": 1.0}, {"median_cv": 14.63, "block_pricing": ["{100: 19.99, 250: 19.99, 500: 39.99, 1: 69.99}", "{100: 19.99, 250: 19.99, 500: 39.99, 1: 59.99}", "{100: 49.99, 250: 49.99, 500: 59.99, 1: 69.99}", "{100: 19.99, 250: 19.99, 500: 29.99, 1: 39.99}", "{100: 49.99, 250: 89.99, 500: 99.99, 1: 119.99}"], "Lat": 35.426176, "Long": -97.525968, "cv_normalized": 0.3571428571}, {"median_cv": 14.63, "block_pricing": ["{100: 49.99, 250: 49.99, 500: 59.99, 1: 69.99}", "{100: 49.99, 250: 89.99, 500: 99.99, 1: 119.99}", "{100: 19.99, 250: 19.99, 500: 29.99, 1: 39.99}"], "Lat": 35.5249655, "Long": -97.523735, "cv_normalized": 0.3571428571}, {"median_cv": 10.24, "block_pricing": ["{100: 19.99, 250: 19.99, 500: 39.99, 1: 69.99}", "{100: 49.99, 250: 49.99, 500: 69.99, 1: 99.99}", "{100: 19.99, 250: 19.99, 500: 39.99, 1: 59.99}"], "Lat": 35.519865, "Long": -97.496967, "cv_normalized": 0.100117096}, {"median_cv": 25.61, "block_pricing": ["{100: 19.99, 250: 19.99, 500: 29.99, 1: 39.99}", "{100: 49.99, 250: 49.99, 500: 59.99, 1: 69.99}", "{100: 49.99, 250: 49.99, 500: 69.99, 1: 99.99}"], "Lat": 35.511482, "Long": -97.487966, "cv_normalized": 1.0}, {"median_cv": 25.61, "block_pricing": ["{100: 49.99, 250: 49.99, 500: 59.99, 1: 69.99}", "{100: 19.99, 250: 19.99, 500: 29.99, 1: 39.99}"], "Lat": 35.5173925, "Long": -97.487338, "cv_normalized": 1.0}, {"median_cv": 14.63, "block_pricing": ["{100: 19.99, 250: 19.99, 500: 29.99, 1: 39.99}", "{100: 49.99, 250: 49.99, 500: 59.99, 1: 69.99}", "{100: 49.99, 250: 49.99, 500: 69.99, 1: 89.99}", "{100: 49.99, 250: 49.99, 500: 69.99, 1: 99.99}", "{100: 19.99, 250: 19.99, 500: 39.99, 1: 69.99}", "{100: 49.99, 250: 89.99, 500: 99.99, 1: 119.99}"], "Lat": 35.5169905, "Long": -97.4828795, "cv_normalized": 0.3571428571}, {"median_cv": 14.63, "block_pricing": ["{100: 19.99, 250: 19.99, 500: 39.99, 1: 69.99}", "{100: 49.99, 250: 49.99, 500: 69.99, 1: 89.99}", "{100: 49.99, 250: 49.99, 500: 69.99, 1: 99.99}"], "Lat": 35.424201, "Long": -97.491486, "cv_normalized": 0.3571428571}, {"median_cv": 14.63, "block_pricing": ["{100: 19.99, 250: 19.99, 500: 39.99, 1: 69.99}", "{100: 49.99, 250: 49.99, 500: 69.99, 1: 99.99}", "{100: 19.99, 250: 19.99, 500: 39.99, 1: 59.99}", "{100: 49.99, 250: 49.99, 500: 69.99, 1: 89.99}", "{100: 49.99, 250: 89.99, 500: 99.99, 1: 119.99}"], "Lat": 35.4463565, "Long": -97.490759, "cv_normalized": 0.3571428571}, {"median_cv": 14.63, "block_pricing": ["{100: 49.99, 250: 49.99, 500: 69.99, 1: 99.99}", "{100: 19.99, 250: 19.99, 500: 39.99, 1: 69.99}"], "Lat": 35.4420865, "Long": -97.49027, "cv_normalized": 0.3571428571}, {"median_cv": 10.24, "block_pricing": ["{100: 49.99, 250: 49.99, 500: 69.99, 1: 99.99}"], "Lat": 35.423411, "Long": -97.484198, "cv_normalized": 0.100117096}, {"median_cv": 14.63, "block_pricing": ["{100: 19.99, 250: 19.99, 500: 39.99, 1: 69.99}", "{100: 49.99, 250: 49.99, 500: 69.99, 1: 99.99}", "{100: 19.99, 250: 19.99, 500: 39.99, 1: 59.99}"], "Lat": 35.413322, "Long": -97.50541, "cv_normalized": 0.3571428571}, {"median_cv": 14.63, "block_pricing": ["{100: 19.99, 250: 19.99, 500: 39.99, 1: 69.99}", "{100: 49.99, 250: 49.99, 500: 69.99, 1: 99.99}", "{100: 19.99, 250: 19.99, 500: 39.99, 1: 59.99}", "{100: 49.99, 250: 49.99, 500: 69.99, 1: 89.99}", "{100: 19.99, 250: 19.99, 500: 29.99, 1: 39.99}"], "Lat": 35.417085, "Long": -97.5017055, "cv_normalized": 0.3571428571}, {"median_cv": 14.63, "block_pricing": ["{100: 49.99, 250: 49.99, 500: 59.99, 1: 69.99}", "{100: 19.99, 250: 19.99, 500: 29.99, 1: 39.99}", "{100: 19.99, 250: 19.99, 500: 39.99, 1: 69.99}", "{100: 49.99, 250: 49.99, 500: 69.99, 1: 99.99}"], "Lat": 35.4246805, "Long": -97.5508485, "cv_normalized": 0.3571428571}, {"median_cv": 25.61, "block_pricing": ["{100: 19.99, 250: 19.99, 500: 29.99, 1: 39.99}", "{100: 19.99, 250: 19.99, 500: 39.99, 1: 69.99}", "{100: 19.99, 250: 19.99, 500: 39.99, 1: 59.99}", "{100: 49.99, 250: 49.99, 500: 69.99, 1: 99.99}"], "Lat": 35.4249375, "Long": -97.5542905, "cv_normalized": 1.0}, {"median_cv": 14.63, "block_pricing": ["{100: 19.99, 250: 19.99, 500: 39.99, 1: 59.99}", "{100: 19.99, 250: 19.99, 500: 39.99, 1: 69.99}", "{100: 49.99, 250: 49.99, 500: 69.99, 1: 89.99}", "{100: 19.99, 250: 19.99, 500: 29.99, 1: 39.99}"], "Lat": 35.4236645, "Long": -97.558723, "cv_normalized": 0.3571428571}, {"median_cv": 14.63, "block_pricing": ["{100: 49.99, 250: 49.99, 500: 69.99, 1: 89.99}", "{100: 49.99, 250: 49.99, 500: 69.99, 1: 99.99}", "{100: 19.99, 250: 19.99, 500: 39.99, 1: 69.99}", "{100: 19.99, 250: 19.99, 500: 39.99, 1: 59.99}"], "Lat": 35.425356, "Long": -97.562419, "cv_normalized": 0.3571428571}, {"median_cv": 14.63, "block_pricing": ["{100: 19.99, 250: 19.99, 500: 39.99, 1: 69.99}", "{100: 49.99, 250: 49.99, 500: 69.99, 1: 99.99}", "{100: 19.99, 250: 59.99, 500: 59.99, 1: 79.99}"], "Lat": 35.445129, "Long": -97.5742065, "cv_normalized": 0.3571428571}, {"median_cv": 14.63, "block_pricing": ["{100: 19.99, 250: 19.99, 500: 29.99, 1: 39.99}", "{100: 49.99, 250: 49.99, 500: 59.99, 1: 69.99}", "{100: 19.99, 250: 19.99, 500: 39.99, 1: 69.99}", "{100: 19.99, 250: 19.99, 500: 39.99, 1: 59.99}", "{100: 49.99, 250: 89.99, 500: 99.99, 1: 119.99}"], "Lat": 35.443472, "Long": -97.568097, "cv_normalized": 0.3571428571}, {"median_cv": 17.07, "block_pricing": ["{100: 19.99, 250: 19.99, 500: 39.99, 1: 69.99}", "{100: 49.99, 250: 49.99, 500: 69.99, 1: 99.99}", "{100: 19.99, 250: 19.99, 500: 29.99, 1: 39.99}", "{100: 19.99, 250: 19.99, 500: 39.99, 1: 59.99}", "{100: 49.99, 250: 49.99, 500: 59.99, 1: 69.99}"], "Lat": 35.439768, "Long": -97.57231, "cv_normalized": 0.5}, {"median_cv": 17.07, "block_pricing": ["{100: 19.99, 250: 19.99, 500: 39.99, 1: 59.99}", "{100: 19.99, 250: 19.99, 500: 39.99, 1: 69.99}", "{100: 19.99, 250: 19.99, 500: 29.99, 1: 39.99}", "{100: 49.99, 250: 49.99, 500: 59.99, 1: 69.99}"], "Lat": 35.442232, "Long": -97.577652, "cv_normalized": 0.5}, {"median_cv": 17.07, "block_pricing": ["{100: 19.99, 250: 19.99, 500: 29.99, 1: 39.99}", "{100: 19.99, 250: 19.99, 500: 39.99, 1: 59.99}", "{100: 19.99, 250: 19.99, 500: 39.99, 1: 69.99}"], "Lat": 35.451021, "Long": -97.549974, "cv_normalized": 0.5}, {"median_cv": 14.63, "block_pricing": ["{100: 19.99, 250: 19.99, 500: 39.99, 1: 69.99}"], "Lat": 35.4544085, "Long": -97.550219, "cv_normalized": 0.3571428571}, {"median_cv": 14.63, "block_pricing": ["{100: 49.99, 250: 49.99, 500: 69.99, 1: 99.99}", "{100: 19.99, 250: 19.99, 500: 39.99, 1: 69.99}", "{100: 19.99, 250: 19.99, 500: 39.99, 1: 59.99}", "{100: 49.99, 250: 49.99, 500: 69.99, 1: 89.99}", "{100: 49.99, 250: 89.99, 500: 99.99, 1: 119.99}", "{100: 49.99, 250: 49.99, 500: 