[{"median_cv": 15.76, "block_pricing": ["{100: 49.99, 250: 49.99, 500: 54.99, 1: 64.99}", "{100: 19.99, 250: 19.99, 500: 24.99, 1: 34.99}", "{100: 49.99, 250: 89.99, 500: 99.99, 1: 119.99}"], "Lat": 41.322705, "Long": -95.952487, "cv_normalized": 0.3486017358}, {"median_cv": 15.76, "block_pricing": ["{100: 49.99, 250: 89.99, 500: 99.99, 1: 69.99}", "{100: 19.99, 250: 19.99, 500: 24.99, 1: 34.99}", "{100: 49.99, 250: 49.99, 500: 54.99, 1: 64.99}", "{100: 49.99, 250: 74.99, 500: 84.99, 1: 104.99}", "{100: 49.99, 250: 89.99, 500: 99.99, 1: 119.99}", "{100: 49.99, 250: 59.99, 500: 79.99, 1: 99.99}", "{100: 19.99, 250: 29.99, 500: 49.99, 1: 69.99}"], "Lat": 41.319222, "Long": -95.950587, "cv_normalized": 0.3486017358}, {"median_cv": 14.63, "block_pricing": ["{100: 49.99, 250: 49.99, 500: 54.99, 1: 64.99}", "{100: 19.99, 250: 19.99, 500: 24.99, 1: 34.99}", "{100: 49.99, 250: 89.99, 500: 99.99, 1: 119.99}", "{100: 49.99, 250: 59.99, 500: 79.99, 1: 99.99}", "{100: 49.99, 250: 49.99, 500: 69.99, 1: 89.99}", "{100: 19.99, 250: 29.99, 500: 49.99, 1: 69.99}"], "Lat": 41.333036, "Long": -95.957253, "cv_normalized": 0.2941176471}, {"median_cv": 14.63, "block_pricing": ["{100: 49.99, 250: 49.99, 500: 54.99, 1: 64.99}", "{100: 49.99, 250: 59.99, 500: 79.99, 1: 99.99}", "{100: 49.99, 250: 89.99, 500: 99.99, 1: 119.99}", "{100: 49.99, 250: 49.99, 500: 69.99, 1: 89.99}", "{100: 19.99, 250: 29.99, 500: 49.99, 1: 69.99}", "{100: 19.99, 250: 19.99, 500: 24.99, 1: 34.99}"], "Lat": 41.326149, "Long": -95.953218, "cv_normalized": 0.2941176471}, {"median_cv": 14.63, "block_pricing": ["{100: 19.99, 250: 29.99, 500: 49.99, 1: 69.99}", "{100: 49.99, 250: 59.99, 500: 79.99, 1: 99.99}", "{100: 49.99, 250: 89.99, 500: 99.99, 1: 119.99}", "{100: 49.99, 250: 49.99, 500: 69.99, 1: 89.99}"], "Lat": 41.3132375, "Long": -95.949833, "cv_normalized": 0.2941176471}, {"median_cv": 14.63, "block_pricing": ["{100: 19.99, 250: 29.99, 500: 49.99, 1: 69.99}", "{100: 49.99, 250: 49.99, 500: 69.99, 1: 89.99}", "{100: 19.99, 250: 19.99, 500: 39.99, 1: 59.99}", "{100: 49.99, 250: 89.99, 500: 99.99, 1: 119.99}", "{100: 49.99, 250: 59.99, 500: 79.99, 1: 99.99}"], "Lat": 41.3109215, "Long": -95.9509435, "cv_normalized": 0.2941176471}, {"median_cv": 14.63, "block_pricing": ["{100: 49.99, 250: 59.99, 500: 79.99, 1: 99.99}", "{100: 19.99, 250: 29.99, 500: 49.99, 1: 69.99}", "{100: 49.99, 250: 89.99, 500: 99.99, 1: 119.99}", "{100: 19.99, 250: 19.99, 500: 39.99, 1: 59.99}", "{100: 49.99, 250: 49.99, 500: 69.99, 1: 89.99}"], "Lat": 41.308303, "Long": -95.951268, "cv_normalized": 0.2941176471}, {"median_cv": 14.63, "block_pricing": ["{100: 19.99, 250: 19.99, 500: 39.99, 1: 59.99}", "{100: 49.99, 250: 49.99, 500: 69.99, 1: 89.99}", "{100: 49.99, 250: 59.99, 500: 79.99, 1: 99.99}", "{100: 19.99, 250: 29.99, 500: 49.99, 1: 69.99}", "{100: 49.99, 250: 49.99, 500: 54.99, 1: 64.99}", "{100: 49.99, 250: 89.99, 500: 99.99, 1: 119.99}"], "Lat": 41.3123005, "Long": -95.9443255, "cv_normalized": 0.2941176471}, {"median_cv": 29.27, "block_pricing": ["{100: 49.99, 250: 59.99, 500: 79.99, 1: 99.99}", "{100: 19.99, 250: 29.99, 500: 49.99, 1: 69.99}", "{100: 49.99, 250: 49.99, 500: 54.99, 1: 64.99}", "{100: 19.99, 250: 19.99, 500: 24.99, 1: 34.99}", "{100: 49.99, 250: 89.99, 500: 99.99, 1: 119.99}"], "Lat": 41.3026, "Long": -95.936292, "cv_normalized": 1.0}, {"median_cv": 14.63, "block_pricing": ["{100: 49.99, 250: 89.99, 500: 99.99, 1: 119.99}", "{100: 19.99, 250: 29.99, 500: 49.99, 1: 69.99}", "{100: 49.99, 250: 49.99, 500: 69.99, 1: 89.99}", "{100: 49.99, 250: 59.99, 500: 79.99, 1: 99.99}", "{100: 49.99, 250: 49.99, 500: 54.99, 1: 64.99}", "{100: 19.99, 250: 19.99, 500: 39.99, 1: 59.99}", "{100: 19.99, 250: 19.99, 500: 24.99, 1: 34.99}", "{100: 19.99, 250: 49.99, 500: 34.99, 1: 34.99}"], "Lat": 41.305258, "Long": -95.925168, "cv_normalized": 0.2941176471}, {"median_cv": 14.63, "block_pricing": ["{100: 19.99, 250: 29.99, 500: 49.99, 1: 69.99}", "{100: 19.99, 250: 19.99, 500: 24.99, 1: 34.99}", "{100: 49.99, 250: 59.99, 500: 79.99, 1: 99.99}"], "Lat": 41.282314, "Long": -95.904559, "cv_normalized": 0.2941176471}, {"median_cv": 14.63, "block_pricing": ["{100: 19.99, 250: 29.99, 500: 49.99, 1: 69.99}", "{100: 49.99, 250: 59.99, 500: 79.99, 1: 99.99}", "{100: 19.99, 250: 19.99, 500: 39.99, 1: 59.99}", "{100: 49.99, 250: 49.99, 500: 69.99, 1: 89.99}"], "Lat": 41.302117, "Long": -95.945306, "cv_normalized": 0.2941176471}, {"median_cv": 14.63, "block_pricing": ["{100: 49.99, 250: 62.49, 500: 72.49, 1: 92.49}", "{100: 19.99, 250: 29.99, 500: 49.99, 1: 69.99}", "{100: 49.99, 250: 59.99, 500: 79.99, 1: 99.99}", "{100: 19.99, 250: 19.99, 500: 39.99, 1: 59.99}", "{100: 49.99, 250: 89.99, 500: 99.99, 1: 119.99}", "{100: 49.99, 250: 72.49, 500: 82.49, 1: 102.49}"], "Lat": 41.305214, "Long": -95.952323, "cv_normalized": 0.2941176471}, {"median_cv": 14.63, "block_pricing": ["{100: 19.99, 250: 19.99, 500: 39.99, 1: 59.99}", "{100: 19.99, 250: 29.99, 500: 49.99, 1: 69.99}", "{100: 49.99, 250: 59.99, 500: 79.99, 1: 99.99}", "{100: 49.99, 250: 89.99, 500: 99.99, 1: 119.99}", "{100: 49.99, 250: 49.99, 500: 54.99, 1: 64.99}", "{100: 19.99, 250: 19.99, 500: 24.99, 1: 34.99}", "{100: 49.99, 250: 49.99, 500: 69.99, 1: 89.99}"], "Lat": 41.2923085, "Long": -95.950168, "cv_normalized": 0.2941176471}, {"median_cv": 14.63, "block_pricing": ["{100: 19.99, 250: 29.99, 500: 49.99, 1: 69.99}", "{100: 19.99, 250: 19.99, 500: 39.99, 1: 59.99}", "{100: 49.99, 250: 49.99, 500: 69.99, 1: 89.99}", "{100: 49.99, 250: 59.99, 500: 79.99, 1: 99.99}", "{100: 19.99, 250: 19.99, 500: 24.99, 1: 34.99}", "{100: 49.99, 250: 89.99, 500: 99.99, 1: 119.99}"], "Lat": 41.296323, "Long": -95.9413305, "cv_normalized": 0.2941176471}, {"median_cv": 29.27, "block_pricing": ["{100: 19.99, 250: 29.99, 500: 49.99, 1: 69.99}", "{100: 19.99, 250: 19.99, 500: 24.99, 1: 34.99}", "{100: 49.99, 250: 49.99, 500: 54.99, 1: 64.99}", "{100: 49.99, 250: 89.99, 500: 99.99, 1: 119.99}", "{100: 49.99, 250: 59.99, 500: 79.99, 1: 99.99}", "{100: 49.99, 250: 49.99, 500: 69.99, 1: 89.99}"], "Lat": 41.291231, "Long": -95.940361, "cv_normalized": 1.0}, {"median_cv": 14.63, "block_pricing": ["{100: 49.99, 250: 49.99, 500: 54.99, 1: 64.99}", "{100: 19.99, 250: 19.99, 500: 24.99, 1: 34.99}", "{100: 19.99, 250: 29.99, 500: 49.99, 1: 69.99}", "{100: 49.99, 250: 89.99, 500: 99.99, 1: 119.99}", "{100: 49.99, 250: 59.99, 500: 79.99, 1: 99.99}", "{100: 19.99, 250: 19.99, 500: 39.99, 1: 59.99}", "{100: 49.99, 250: 62.49, 500: 72.49, 1: 92.49}"], "Lat": 41.285637, "Long": -95.951295, "cv_normalized": 0.2941176471}, {"median_cv": 14.63, "block_pricing": ["{100: 19.99, 250: 19.99, 500: 39.99, 1: 59.99}", "{100: 19.99, 250: 29.99, 500: 49.99, 1: 69.99}", "{100: 49.99, 250: 59.99, 500: 79.99, 1: 99.99}", "{100: 49.99, 250: 89.99, 500: 99.99, 1: 119.99}"], "Lat": 41.278089, "Long": -95.950946, "cv_normalized": 0.2941176471}, {"median_cv": 14.63, "block_pricing": ["{100: 49.99, 250: 49.99, 500: 69.99, 1: 89.99}", "{100: 19.99, 250: 29.99, 500: 49.99, 1: 69.99}", "{100: 49.99, 250: 59.99, 500: 79.99, 1: 99.99}", "{100: 19.99, 250: 19.99, 500: 39.99, 1: 59.99}"], "Lat": 41.274917, "Long": -95.9526045, "cv_normalized": 0.2941176471}, {"median_cv": 14.63, "block_pricing": ["{100: 19.99, 250: 29.99, 500: 49.99, 1: 69.99}", "{100: 19.99, 250: 19.99, 500: 39.99, 1: 59.99}", "{100: 49.99, 250: 59.99, 500: 79.99, 1: 99.99}", "{100: 49.99, 250: 49.99, 500: 54.99, 1: 64.99}", "{100: 49.99, 250: 89.99, 500: 99.99, 1: 119.99}", "{100: 19.99, 250: 19.99, 500: 24.99, 1: 34.99}"], "Lat": 41.286684, "Long": -95.941173, "cv_normalized": 0.2941176471}, {"median_cv": 14.63, "block_pricing": ["{100: 49.99, 250: 49.99, 500: 54.99, 1: 64.99}", "{100: 19.99, 250: 29.99, 500: 49.99, 1: 69.99}", "{100: 49.99, 250: 59.99, 500: 79.99, 1: 99.99}", "{100: 19.99, 250: 19.99, 500: 24.99, 1: 34.99}", "{100: 19.99, 250: 69.99, 500: 69.99, 1: 79.99}", "{100: 49.99, 250: 89.99, 500: 99.99, 1: 119.99}", "{100: 19.99, 250: 19.99, 500: 39.99, 1: 59.99}", "{100: 49.99, 250: 49.99, 500: 69.99, 1: 89.99}"], "Lat": 41.2819925, "Long": -95.9441975, "cv_normalized": 0.2941176471}, {"median_cv": 14.63, "block_pricing": ["{100: 49.99, 250: 59.99, 500: 79.99, 1: 99.99}", "{100: 19.99, 250: 29.99, 500: 49.99, 1: 69.99}", "{100: 49.99, 250: 49.99, 500: 69.99, 1: 89.99}", "{100: 19.99, 250: 19.99, 500: 39.99, 1: 59.99}"], "Lat": 41.276575, "Long": -95.940385, "cv_normalized": 0.2941176471}, {"median_cv": 10.24, "block_pricing": ["{100: 49.99, 250: 59.99, 500: 79.99, 1: 99.99}", "{100: 49.99, 250: 89.99, 500: 99.99, 1: 119.99}"], "Lat": 41.253632, "Long": -95.941553, "cv_normalized": 0.0824493732}, {"median_cv": 10.24, "block_pricing": ["{100: 49.99, 250: 59.99, 500: 79.99, 1: 99.99}", "{100: 19.99, 250: 29.99, 500: 49.99, 1: 69.99}", "{100: 49.99, 250: 49.99, 500: 69.99, 1: 89.99}", "{100: 49.99, 250: 89.99, 500: 99.99, 1: 119.99}", "{100: 49.99, 250: 49.99, 500: 54.99, 1: 64.99}"], "Lat": 41.2516635, "Long": -95.931372, "cv_normalized": 0.0824493732}, {"median_cv": 10.24, "block_pricing": ["{100: 49.99, 250: 59.99, 500: 79.99, 1: 99.99}"], "Lat": 41.2484025, "Long": -95.9359915, "cv_normalized": 0.0824493732}, {"median_cv": 8.53, "block_pricing": ["{100: 49.99, 250: 89.99, 500: 99.99, 1: 119.99}", "{100: 19.99, 250: 29.99, 500: 49.99, 1: 69.99}"], "Lat": 41.254893, "Long": -95.944922, "cv_normalized": 0.0}, {"median_cv": 29.27, "block_pricing": ["{100: 49.99, 250: 49.99, 500: 54.99, 1: 64.99}", "{100: 19.99, 250: 19.99, 500: 24.99, 1: 34.99}", "{100: 49.99, 250: 59.99, 500: 79.99, 1: 99.99}"], "Lat": 41.250141, "Long": -95.944432, "cv_normalized": 1.0}, {"median_cv": 14.63, "block_pricing": ["{100: 49.99, 250: 49.99, 500: 54.99, 1: 64.99}", "{100: 49.99, 250: 49.99, 500: 69.99, 1: 89.99}", "{100: 49.99, 250: 74.99, 500: 84.99, 1: 104.99}", "{100: 19.99, 250: 29.99, 500: 49.99, 1: 69.99}", "{100: 19.99, 250: 19.99, 500: 39.99, 1: 59.99}", "{100: 49.99, 250: 59.99, 500: 79.99, 1: 99.99}"], "Lat": 41.24071, "Long": -95.9393715, "cv_normalized": 0.2941176471}, {"median_cv": 14.63, "block_pricing": ["{100: 49.99, 250: 59.99, 500: 79.99, 1: 99.99}", "{100: 19.99, 250: 29.99, 500: 49.99, 1: 69.99}", "{100: 19.99, 250: 19.99, 500: 24.99, 1: 34.99}", "{100: 49.99, 250: 49.99, 500: 54.99, 1: 64.99}", "{100: 49.99, 250: 89.99, 500: 99.99, 1: 119.99}", "{100: 49.99, 250: 49.99, 500: 69.99, 1: 89.99}", "{100: 19.99, 250: 19.99, 500: 39.99, 1: 59.99}", "{100: 49.99, 250: 62.49, 500: 72.49, 1: 92.49}"], "Lat": 41.234745, "Long": -95.94585, "cv_normalized": 0.2941176471}, {"median_cv": 15.76, "block_pricing": ["{100: 19.99, 250: 19.99, 500: 24.99, 1: 34.99}", "{100: 49.99, 250: 49.99, 500: 54.99, 1: 64.99}", "{100: 19.99, 250: 29.99, 500: 49.99, 1: 69.99}", "{100: 49.99, 250: 59.99, 500: 79.99, 1: 99.99}", "{100: 19.99, 250: 19.99, 500: 39.99, 1: 59.99}", "{100: 49.99, 250: 89.99, 500: 99.99, 1: 119.99}", "{100: 49.99, 250: 49.99, 500: 69.99, 1: 89.99}"], "Lat": 41.235496, "Long": -95.941619, "cv_normalized": 0.3486017358}, {"median_cv": 10.24, "block_pricing": ["{100: 49.99, 250: 72.49, 500: 82.49, 1: 102.49}", "{100: 49.99, 250: 89.99, 500: 99.99, 1: 119.99}", "{100: 49.99, 250: 59.99, 500: 79.99, 1: 99.99}", "{100: 19.99, 250: 29.99, 500: 49.99, 1: 69.99}", "{100: 19.99, 250: 19.99, 500: 24.99, 1: 34.99}", "{100: 19.99, 250: 19.99, 500: 39.99, 1: 59.99}", "{100: 49.99, 250: 49.99, 500: 69.99, 1: 89.99}"], "Lat": 41.2446385, "Long": -95.9335695, "cv_normalized": 0.0824493732}, {"median_cv": 14.63, "block_pricing": ["{100: 49.99, 250: 59.99, 500: 79.99, 1: 99.99}", "{100: 19.99, 250: 19.99, 500: 39.99, 1: 59.99}", "{100: 19.99, 250: 29.99, 500: 49.99, 1: 69.99}", "{100: 49.99, 250: 49.99, 500: 54.99, 1: 64.99}", "{100: 19.99, 250: 19.99, 500: 24.99, 1: 34.99}", "{100: 49.99, 250: 49.99, 500: 69.99, 1: 89.99}", "{100: 49.99, 250: 89.99, 500: 99.99, 1: 119.99}"], "Lat": 41.2400155, "Long": -95.9343905, "cv_normalized": 0.2941176471}, {"median_cv": 10.24, "block_pricing": ["{100: 19.99, 250: 29.99, 500: 49.99, 1: 69.99}", "{100: 49.99, 250: 59.99, 500: 79.99, 1: 99.99}", "{100: 19.99, 250: 19.99, 500: 39.99, 1: 59.99}", "{100: 49.99, 250: 89.99, 500: 99.99, 1: 119.99}", "{100: 49.99, 250: 72.49, 500: 82.49, 1: 102.49}", "{100: 49.99, 250: 49.99, 500: 54.99, 1: 64.99}", "{100: 49.99, 250: 49.99, 500: 69.99, 1: 89.99}"], "Lat": 41.246129, "Long": -95.923726, "cv_normalized": 0.0824493732}, {"median_cv": 10.24, "block_pricing": ["{100: 19.99, 250: 29.99, 500: 49.99, 1: 69.99}", "{100: 49.99, 250: 59.99, 500: 79.99, 1: 99.99}", "{100: 49.99, 250: 89.99, 500: 99.99, 1: 119.99}", "{100: 19.99, 250: 19.99, 500: 39.99, 1: 59.99}", "{100: 49.99, 250: 49.99, 500: 69.99, 1: 89.99}"], "Lat": 41.24673, "Long": -95.928307, "cv_normalized": 0.0824493732}, {"median_cv": 14.63, "block_pricing": ["{100: 49.99, 250: 89.99, 500: 99.99, 1: 119.99}", "{100: 49.99, 250: 49.99, 500: 69.99, 1: 89.99}", "{100: 19.99, 250: 29.99, 500: 49.99, 1: 69.99}", "{100: 49.99, 250: 59.99, 500: 79.99, 1: 99.99}", "{100: 19.99, 250: 19.99, 500: 24.99, 1: 34.99}", "{100: 49.99, 250: 49.99, 500: 54.99, 1: 64.99}"], "Lat": 41.233994, "Long": -95.922383, "cv_normalized": 0.2941176471}, {"median_cv": 10.24, "block_pricing": ["{100: 49.99, 250: 49.99, 500: 69.99, 1: 89.99}", "{100: 49.99, 250: 59.99, 500: 79.99, 1: 99.99}", "{100: 19.99, 250: 29.99, 500: 49.99, 1: 69.99}", "{100: 19.99, 250: 19.99, 500: 39.99, 1: 59.99}", "{100: 49.99, 250: 89.99, 500: 99.99, 1: 119.99}", "{100: 49.99, 250: 49.99, 500: 54.99, 1: 64.99}", "{100: 19.99, 250: 19.99, 500: 24.99, 1: 34.99}"], "Lat": 41.239773, "Long": -95.926507, "cv_normalized": 0.0824493732}, {"median_cv": 10.24, "block_pricing": ["{100: 49.99, 250: 49.99, 500: 69.99, 1: 89.99}", "{100: 49.99, 250: 59.99, 500: 79.99, 1: 99.99}", "{100: 19.99, 250: 29.99, 500: 49.99, 1: 69.99}", "{100: 49.99, 250: 89.99, 500: 99.99, 1: 119.99}", "{100: 49.99, 250: 49.99, 500: 54.99, 1: 64.99}", "{100: 19.99, 250: 19.99, 500: 24.99, 1: 34.99}", "{100: 19.99, 250: 19.99, 500: 39.99, 1: 59.99}"], "Lat": 41.234494, "Long": -95.929249, "cv_normalized": 0.0824493732}, {"median_cv": 14.63, "block_pricing": ["{100: 19.99, 250: 29.99, 500: 49.99, 1: 69.99}", "{100: 49.99, 250: 49.99, 500: 69.99, 1: 89.99}", "{100: 49.99, 250: 59.99, 500: 79.99, 1: 99.99}", "{100: 19.99, 250: 19.99, 500: 24.99, 1: 34.99}", "{100: 19.99, 250: 19.99, 500: 39.99, 1: 59.99}", "{100: 49.99, 250: 49.99, 500: 54.99, 1: 64.99}"], "Lat": 41.2338155, "Long": -95.9348415, "cv_normalized": 0.2941176471}, {"median_cv": 14.63, "block_pricing": ["{100: 19.99, 250: 29.99, 500: 49.99, 1: 69.99}", "{100: 49.99, 250: 49.99, 500: 69.99, 1: 89.99}", "{100: 49.99, 250: 49.99, 500: 54.99, 1: 64.99}", "{100: 49.99, 250: 59.99, 500: 79.99, 1: 99.99}", "{100: 19.99, 250: 19.99, 500: 39.99, 1: 59.99}"], "Lat": 41.230941, "Long": -95.939433, "cv_normalized": 0.2941176471}, {"median_cv": 14.63, "block_pricing": ["{100: 19.99, 250: 29.99, 500: 49.99, 1: 69.99}", "{100: 49.99, 250: 59.99, 500: 79.99, 1: 99.99}", "{100: 49.99, 250: 49.99, 500: 69.99, 1: 89.99}", "{100: 49.99, 250: 49.99, 500: 54.99, 1: 64.99}", "{100: 19.99, 250: 19.99, 500: 24.99, 1: 34.99}"], "Lat": 41.228527, "Long": -95.943878, "cv_normalized": 0.2941176471}, {"median_cv": 15.76, "block_pricing": ["{100: 49.99, 250: 49.99, 500: 54.99, 1: 64.99}", "{100: 49.99, 250: 59.99, 500: 79.99, 1: 99.99}", "{100: 19.99, 250: 19.99, 500: 24.99, 1: 34.99}", "{100: 49.99, 250: 49.99, 500: 69.99, 1: 89.99}", "{100: 19.99, 250: 19.99, 500: 39.99, 1: 59.99}", "{100: 49.99, 250: 89.99, 500: 99.99, 1: 119.99}", "{100: 19.99, 250: 29.99, 500: 49.99, 1: 69.99}"], "Lat": 41.2208505, "Long": -95.9315125, "cv_normalized": 0.3486017358}, {"median_cv": 10.24, "block_pricing": ["{100: 49.99, 250: 59.99, 500: 79.99, 1: 99.99}", "{100: 19.99, 250: 29.99, 500: 49.99, 1: 69.99}", "{100: 49.99, 250: 49.99, 500: 69.99, 1: 89.99}"], "Lat": 41.224916, "Long": -95.9355, "cv_normalized": 0.0824493732}, {"median_cv": 14.63, "block_pricing": ["{100: 19.99, 250: 29.99, 500: 49.99, 1: 69.99}", "{100: 49.99, 250: 59.99, 500: 79.99, 1: 99.99}", "{100: 49.99, 250: 49.99, 500: 54.99, 1: 64.99}", "{100: 19.99, 250: 19.99, 500: 24.99, 1: 34.99}", "{100: 49.99, 250: 89.99, 500: 99.99, 1: 119.99}", "{100: 49.99, 250: 49.99, 500: 69.99, 1: 89.99}", "{100: 19.99, 250: 19.99, 500: 39.99, 1: 59.99}"], "Lat": 41.2240905, "Long": -95.942761, "cv_normalized": 0.2941176471}, {"median_cv": 15.76, "block_pricing": ["{100: 19.99, 250: 19.99, 500: 24.99, 1: 34.99}", "{100: 49.99, 250: 49.99, 500: 54.99, 1: 64.99}", "{100: 49.99, 250: 89.99, 500: 99.99, 1: 119.99}"], "Lat": 41.217122, "Long": -95.944631, "cv_normalized": 0.3486017358}, {"median_cv": 15.76, "block_pricing": ["{100: 49.99, 250: 49.99, 500: 54.99, 1: 64.99}", "{100: 19.99, 250: 19.99, 500: 24.99, 1: 34.99}", "{100: 49.99, 250: 89.99, 500: 99.99, 1: 119.99}"], "Lat": 41.215015, "Long": -95.9384505, "cv_normalized": 0.3486017358}, {"median_cv": 15.76, "block_pricing": ["{100: 49.99, 250: 49.99, 500: 54.99, 1: 64.99}", "{100: 49.99, 250: 59.99, 500: 79.99, 1: 99.99}", "{100: 19.99, 250: 29.99, 500: 49.99, 1: 69.99}", "{100: 49.99, 250: 79.99, 500: 89.99, 1: 109.99}", "{100: 19.99, 250: 19.99, 500: 39.99, 1: 59.99}", "{100: 19.99, 250: 19.99, 500: 24.99, 1: 34.99}", "{100: 49.99, 250: 89.99, 500: 99.99, 1: 119.99}", "{100: 49.99, 250: 89.99, 500: 99.99, 1: 69.99}"], "Lat": 41.207359, "Long": -95.944479, "cv_normalized": 0.3486017358}, {"median_cv": 29.27, "block_pricing": ["{100: 19.99, 250: 19.99, 500: 24.99, 1: 34.99}", "{100: 49.99, 250: 89.99, 500: 99.99, 1: 119.99}", "{100: 49.99, 250: 59.99, 500: 79.99, 1: 99.99}", "{100: 19.99, 250: 19.99, 500: 39.99, 1: 59.99}", "{100: 49.99, 250: 49.99, 500: 54.99, 1: 64.99}", "{100: 19.99, 250: 29.99, 500: 49.99, 1: 69.99}"], "Lat": 41.207507, "Long": -95.939099, "cv_normalized": 1.0}, {"median_cv": 14.63, "block_pricing": ["{100: 49.99, 250: 59.99, 500: 79.99, 1: 99.99}", "{100: 19.99, 250: 29.99, 500: 49.99, 1: 69.99}", "{100: 49.99, 250: 49.99, 500: 54.99, 1: 64.99}", "{100: 49.99, 250: 89.99, 500: 99.99, 1: 119.99}", "{100: 19.99, 250: 19.99, 500: 24.99, 1: 34.99}", "{100: 49.99, 250: 49.99, 500: 69.99, 1: 89.99}", "{100: 19.99, 250: 19.99, 500: 39.99, 1: 59.99}", "{100: 49.99, 250: 79.99, 500: 89.99, 1: 109.99}"], "Lat": 41.211676, "Long": -95.938553, "cv_normalized": 0.2941176471}, {"median_cv": 15.76, "block_pricing": ["{100: 49.99, 250: 59.99, 500: 79.99, 1: 99.99}", "{100: 49.99, 250: 49.99, 500: 54.99, 1: 64.99}", "{100: 49.99, 250: 89.99, 500: 99.99, 1: 119.99}", "{100: 19.99, 250: 19.99, 500: 24.99, 1: 34.99}"], "Lat": 41.202958, "Long": -95.943528, "cv_normalized": 0.3486017358}, {"median_cv": 15.76, "block_pricing": ["{100: 19.99, 250: 19.99, 500: 24.99, 1: 34.99}", "{100: 49.99, 250: 49.99, 500: 54.99, 1: 64.99}", "{100: 49.99, 250: 89.99, 500: 99.99, 1: 119.99}", "{100: 19.99, 250: 29.99, 500: 49.99, 1: 69.99}"], "Lat": 41.199274, "Long": -95.94017, "cv_normalized": 0.3486017358}, {"median_cv": 15.76, "block_pricing": ["{100: 19.99, 250: 19.99, 500: 24.99, 1: 34.99}", "{100: 49.99, 250: 49.99, 500: 54.99, 1: 64.99}", "{100: 19.99, 250: 29.99, 500: 49.99, 1: 69.99}", "{100: 49.99, 250: 59.99, 500: 79.99, 1: 99.99}", "{100: 49.99, 250: 89.99, 500: 99.99, 1: 119.99}"], "Lat": 41.194568, "Long": -95.9372525, "cv_normalized": 0.3486017358}, {"median_cv": 14.63, "block_pricing": ["{100: 19.99, 250: 29.99, 500: 49.99, 1: 69.99}", "{100: 19.99, 250: 19.99, 500: 24.99, 1: 34.99}", "{100: 49.99, 250: 59.99, 500: 79.99, 1: 99.99}", "{100: 49.99, 250: 49.99, 500: 54.99, 1: 64.99}", "{100: 49.99, 250: 49.99, 500: 69.99, 1: 89.99}", "{100: 49.99, 250: 89.99, 500: 99.99, 1: 119.99}", "{100: 49.99, 250: 72.49, 500: 82.49, 1: 102.49}", "{100: 19.99, 250: 19.99, 500: 39.99, 1: 59.99}"], "Lat": 41.2010825, "Long": -95.963126, "cv_normalized": 0.2941176471}, {"median_cv": 29.27, "block_pricing": ["{100: 19.99, 250: 19.99, 500: 24.99, 1: 34.99}", "{100: 49.99, 250: 49.99, 500: 54.99, 1: 64.99}", "{100: 49.99, 250: 82.49, 500: 92.49, 1: 112.49}", "{100: 49.99, 250: 89.99, 500: 99.99, 1: 119.99}", "{100: 49.99, 250: 59.99, 500: 79.99, 1: 99.99}"], "Lat": 41.194782, "Long": -95.9549925, "cv_normalized": 1.0}, {"median_cv": 15.76, "block_pricing": ["{100: 49.99, 250: 49.99, 500: 54.99, 1: 64.99}", "{100: 49.99, 250: 59.99, 500: 79.99, 1: 99.99}", "{100: 19.99, 250: 19.99, 500: 24.99, 1: 34.99}", "{100: 19.99, 250: 29.99, 500: 49.99, 1: 69.99}", "{100: 49.99, 250: 49.99, 500: 69.99, 1: 89.99}", "{100: 49.99, 250: 89.99, 500: 99.99, 1: 119.99}"], "Lat": 41.193952, "Long": -95.949029, "cv_normalized": 0.3486017358}, {"median_cv": 14.63, "block_pricing": ["{100: 19.99, 250: 29.99, 500: 49.99, 1: 69.99}", "{100: 19.99, 250: 19.99, 500: 24.99, 1: 34.99}", "{100: 49.99, 250: 89.99, 500: 99.99, 1: 119.99}", "{100: 49.99, 250: 59.99, 500: 79.99, 1: 99.99}"], "Lat": 41.202105, "Long": -95.958298, "cv_normalized": 0.2941176471}, {"median_cv": 15.76, "block_pricing": ["{100: 19.99, 250: 19.99, 500: 24.99, 1: 34.99}", "{100: 49.99, 250: 49.99, 500: 54.99, 1: 64.99}", "{100: 49.99, 250: 89.99, 500: 99.99, 1: 119.99}"], "Lat": 41.203821, "Long": -95.972775, "cv_normalized": 0.3486017358}, {"median_cv": 15.76, "block_pricing": ["{100: 19.99, 250: 19.99, 500: 24.99, 1: 34.99}", "{100: 49.99, 250: 49.99, 500: 54.99, 1: 64.99}", "{100: 49.99, 250: 59.99, 500: 79.99, 1: 99.99}"], "Lat": 41.19973, "Long": -95.97333, "cv_normalized": 0.3486017358}, {"median_cv": 15.76, "block_pricing": ["{100: 19.99, 250: 19.99, 500: 24.99, 1: 34.99}", "{100: 49.99, 250: 49.99, 500: 54.99, 1: 64.99}", "{100: 49.99, 250: 89.99, 500: 99.99, 1: 119.99}"], "Lat": 41.1957685, "Long": -95.972161, "cv_normalized": 0.3486017358}, {"median_cv": 15.76, "block_pricing": ["{100: 49.99, 250: 49.99, 500: 54.99, 1: 64.99}", "{100: 19.99, 250: 19.99, 500: 24.99, 1: 34.99}", "{100: 49.99, 250: 89.99, 500: 99.99, 1: 119.99}"], "Lat": 41.19328, "Long": -95.9740865, "cv_normalized": 0.3486017358}, {"median_cv": 10.81, "block_pricing": ["{100: 19.99, 250: 29.99, 500: 49.99, 1: 69.99}", "{100: 19.99, 250: 19.99, 500: 39.99, 1: 59.99}", "{100: 49.99, 250: 59.99, 500: 79.99, 1: 99.99}", "{100: 19.99, 250: 19.99, 500: 24.99, 1: 34.99}", "{100: 49.99, 250: 49.99, 500: 54.99, 1: 64.99}", "{100: 49.99, 250: 49.99, 500: 69.99, 1: 89.99}"], "Lat": 41.1959445, "Long": -95.964172, "cv_normalized": 0.1099324976}, {"median_cv": 10.24, "block_pricing": ["{100: 19.99, 250: 29.99, 500: 49.99, 1: 69.99}", "{100: 49.99, 250: 59.99, 500: 79.99, 1: 99.99}", "{100: 49.99, 250: 79.99, 500: 89.99, 1: 109.99}", "{100: 19.99, 250: 19.99, 500: 39.99, 1: 59.99}", "{100: 49.99, 250: 49.99, 500: 69.99, 1: 89.99}"], "Lat": 41.192861, "Long": -95.961082, "cv_normalized": 0.0824493732}, {"median_cv": 15.76, "block_pricing": ["{100: 19.99, 250: 19.99, 500: 24.99, 1: 34.99}", "{100: 49.99, 250: 49.99, 500: 54.99, 1: 64.99}", "{100: 49.99, 250: 59.99, 500: 79.99, 1: 99.99}", "{100: 49.99, 250: 49.99, 500: 69.99, 1: 89.99}", "{100: 49.99, 250: 89.99, 500: 99.99, 1: 119.99}"], "Lat": 41.207052, "Long": -95.971184, "cv_normalized": 0.3486017358}, {"median_cv": 15.76, "block_pricing": ["{100: 19.99, 250: 29.99, 500: 49.99, 1: 69.99}", "{100: 49.99, 250: 49.99, 500: 54.99, 1: 64.99}", "{100: 49.99, 250: 59.99, 500: 79.99, 1: 99.99}", "{100: 19.99, 250: 19.99, 500: 24.99, 1: 34.99}"], "Lat": 41.220762, "Long": -95.967791, "cv_normalized": 0.3486017358}, {"median_cv": 15.76, "block_pricing": ["{100: 49.99, 250: 49.99, 500: 54.99, 1: 64.99}", "{100: 19.99, 250: 29.99, 500: 49.99, 1: 69.99}", "{100: 49.99, 250: 59.99, 500: 79.99, 1: 99.99}", "{100: 19.99, 250: 19.99, 500: 39.99, 1: 59.99}", "{100: 19.99, 250: 19.99, 500: 24.99, 1: 34.99}"], "Lat": 41.216849, "Long": -95.97219, "cv_normalized": 0.3486017358}, {"median_cv": 11.38, "block_pricing": ["{100: 49.99, 250: 49.99, 500: 54.99, 1: 64.99}", "{100: 49.99, 250: 59.99, 500: 79.99, 1: 99.99}", "{100: 19.99, 250: 19.99, 500: 24.99, 1: 34.99}", "{100: 19.99, 250: 29.99, 500: 49.99, 1: 69.99}", "{100: 49.99, 250: 49.99, 500: 69.99, 1: 89.99}", "{100: 19.99, 250: 19.99, 500: 39.99, 1: 59.99}"], "Lat": 41.211114, "Long": -95.974356, "cv_normalized": 0.137415622}, {"median_cv": 15.76, "block_pricing": ["{100: 49.99, 250: 49.99, 500: 54.99, 1: 64.99}", "{100: 49.99, 250: 59.99, 500: 79.99, 1: 99.99}", "{100: 19.99, 250: 29.99, 500: 49.99, 1: 69.99}", "{100: 19.99, 250: 19.99, 500: 39.99, 1: 59.99}", "{100: 49.99, 250: 49.99, 500: 69.99, 1: 89.99}", "{100: 19.99, 250: 19.99, 500: 24.99, 1: 34.99}", "{100: 49.99, 250: 89.99, 500: 99.99, 1: 119.99}"], "Lat": 41.215415, "Long": -95.964091, "cv_normalized": 0.3486017358}, {"median_cv": 29.27, "block_pricing": ["{100: 19.99, 250: 19.99, 500: 24.99, 1: 34.99}", "{100: 49.99, 250: 49.99, 500: 54.99, 1: 64.99}", "{100: 49.99, 250: 89.99, 500: 99.99, 1: 119.99}", "{100: 19.99, 250: 29.99, 500: 49.99, 1: 69.99}"], "Lat": 41.2201775, "Long": -95.9497345, "cv_normalized": 1.0}, {"median_cv": 29.27, "block_pricing": ["{100: 19.99, 250: 19.99, 500: 24.99, 1: 34.99}", "{100: 49.99, 250: 49.99, 500: 54.99, 1: 64.99}"], "Lat": 41.216438, "Long": -95.950404, "cv_normalized": 1.0}, {"median_cv": 15.76, "block_pricing": ["{100: 49.99, 250: 59.99, 500: 79.99, 1: 99.99}", "{100: 19.99, 250: 19.99, 500: 24.99, 1: 34.99}", "{100: 49.99, 250: 49.99, 500: 54.99, 1: 64.99}", "{100: 49.99, 250: 89.99, 500: 99.99, 1: 119.99}", "{100: 19.99, 250: 19.99, 500: 39.99, 1: 59.99}", "{100: 49.99, 250: 49.99, 500: 69.99, 1: 89.99}", "{100: 19.99, 250: 29.99, 500: 49.99, 1: 69.99}"], "Lat": 41.246749, "Long": -95.9506515, "cv_normalized": 0.3486017358}, {"median_cv": 29.27, "block_pricing": ["{100: 19.99, 250: 19.99, 500: 24.99, 1: 34.99}", "{100: 49.99, 250: 49.99, 500: 54.99, 1: 64.99}"], "Lat": 41.24458, "Long": -95.947912, "cv_normalized": 1.0}, {"median_cv": 15.76, "block_pricing": ["{100: 49.99, 250: 49.99, 500: 54.99, 1: 64.99}", "{100: 19.99, 250: 19.99, 500: 24.99, 1: 34.99}", "{100: 49.99, 250: 89.99, 500: 99.99, 1: 119.99}", "{100: 49.99, 250: 62.49, 500: 72.49, 1: 92.49}"], "Lat": 41.237267, "Long": -95.970865, "cv_normalized": 0.3486017358}, {"median_cv": 15.76, "block_pricing": ["{100: 49.99, 250: 49.99, 500: 54.99, 1: 64.99}", "{100: 19.99, 250: 19.99, 500: 24.99, 1: 34.99}", "{100: 49.99, 250: 89.99, 500: 99.99, 1: 119.99}", "{100: 19.99, 250: 29.99, 500: 49.99, 1: 69.99}", "{100: 49.99, 250: 59.99, 500: 79.99, 1: 99.99}"], "Lat": 41.23403, "Long": -95.971935, "cv_normalized": 0.3486017358}, {"median_cv": 15.76, "block_pricing": ["{100: 49.99, 250: 49.99, 500: 54.99, 1: 64.99}", "{100: 19.99, 250: 19.99, 500: 24.99, 1: 34.99}", "{100: 49.99, 250: 62.49, 500: 72.49, 1: 92.49}", "{100: 19.99, 250: 29.99, 500: 49.99, 1: 69.99}", "{100: 49.99, 250: 59.99, 500: 79.99, 1: 99.99}"], "Lat": 41.2300275, "Long": -95.9701725, "cv_normalized": 0.3486017358}, {"median_cv": 10.24, "block_pricing": ["{100: 19.99, 250: 29.99, 500: 49.99, 1: 69.99}", "{100: 49.99, 250: 59.99, 500: 79.99, 1: 99.99}", "{100: 49.99, 250: 49.99, 500: 54.99, 1: 64.99}", "{100: 49.99, 250: 89.99, 500: 99.99, 1: 119.99, 2: 149.99}", "{100: 49.99, 250: 89.99, 500: 99.99, 1: 119.99}", "{100: 49.99, 250: 49.99, 500: 69.99, 1: 89.99}", "{100: 19.99, 250: 19.99, 500: 24.99, 1: 34.99}"], "Lat": 41.229388, "Long": -95.9665905, "cv_normalized": 0.0824493732}, {"median_cv": 10.24, "block_pricing": ["{100: 49.99, 250: 59.99, 500: 79.99, 1: 99.99}", "{100: 19.99, 250: 19.99, 500: 39.99, 1: 59.99}", "{100: 19.99, 250: 29.99, 500: 49.99, 1: 69.99}", "{100: 49.99, 250: 49.99, 500: 69.99, 1: 89.99}"], "Lat": 41.2367565, "Long": -95.964643, "cv_normalized": 0.0824493732}, {"median_cv": 10.24, "block_pricing": ["{100: 49.99, 250: 59.99, 500: 79.99, 1: 99.99}", "{100: 19.99, 250: 29.99, 500: 49.99, 1: 69.99}", "{100: 49.99, 250: 89.99, 500: 99.99, 1: 119.99}"], "Lat": 41.232611, "Long": -95.962349, "cv_normalized": 0.0824493732}, {"median_cv": 10.24, "block_pricing": ["{100: 19.99, 250: 29.99, 500: 49.99, 1: 69.99}", "{100: 49.99, 250: 89.99, 500: 99.99, 1: 119.99}", "{100: 49.99, 250: 59.99, 500: 79.99, 1: 99.99}", "{100: 19.99, 250: 19.99, 500: 39.99, 1: 59.99}"], "Lat": 41.231081, "Long": -95.957941, "cv_normalized": 0.0824493732}, {"median_cv": 15.76, "block_pricing": ["{100: 49.99, 250: 49.99, 500: 54.99, 1: 64.99}", "{100: 19.99, 250: 19.99, 500: 24.99, 1: 34.99}", "{100: 49.99, 250: 89.99, 500: 99.99, 1: 119.99}"], "Lat": 41.237914, "Long": -95.9818285, "cv_normalized": 0.3486017358}, {"median_cv": 15.76, "block_pricing": ["{100: 49.99, 250: 49.99, 500: 54.99, 1: 64.99}", "{100: 19.99, 250: 19.99, 500: 24.99, 1: 34.99}", "{100: 49.99, 250: 59.99, 500: 79.99, 1: 99.99}"], "Lat": 41.231317, "Long": -95.978176, "cv_normalized": 0.3486017358}, {"median_cv": 15.76, "block_pricing": ["{100: 49.99, 250: 49.99, 500: 54.99, 1: 64.99}", "{100: 19.99, 250: 19.99, 500: 24.99, 1: 34.99}", "{100: 49.99, 250: 89.99, 500: 99.99, 1: 119.99}", "{100: 49.99, 250: 59.99, 500: 79.99, 1: 99.99}"], "Lat": 41.236003, "Long": -95.986368, "cv_normalized": 0.3486017358}, {"median_cv": 15.76, "block_pricing": ["{100: 19.99, 250: 19.99, 500: 24.99, 1: 34.99}", "{100: 49.99, 250: 49.99, 500: 54.99, 1: 64.99}", "{100: 49.99, 250: 89.99, 500: 99.99, 1: 119.99}", "{100: 49.99, 250: 89.99, 500: 99.99, 1: 119.99, 2: 149.99}", "{100: 49.99, 250: 59.99, 500: 79.99, 1: 99.99}"], "Lat": 41.233657, "Long": -95.999886, "cv_normalized": 0.3486017358}, {"median_cv": 15.76, "block_pricing": ["{100: 19.99, 250: 19.99, 500: 24.99, 1: 34.99}", "{100: 49.99, 250: 49.99, 500: 54.99, 1: 64.99}", "{100: 49.99, 250: 89.99, 500: 99.99, 1: 119.99}", "{100: 19.99, 250: 29.99, 500: 49.99, 1: 69.99}"], "Lat": 41.246334, "Long": -95.994585, "cv_normalized": 0.3486017358}, {"median_cv": 15.76, "block_pricing": ["{100: 49.99, 250: 49.99, 500: 54.99, 1: 64.99}", "{100: 19.99, 250: 19.99, 500: 24.99, 1: 34.99}", "{100: 49.99, 250: 89.99, 500: 99.99, 1: 119.99}"], "Lat": 41.2463495, "Long": -96.001352, "cv_normalized": 0.3486017358}, {"median_cv": 15.76, "block_pricing": ["{100: 49.99, 250: 49.99, 500: 54.99, 1: 64.99}"], "Lat": 41.240276, "Long": -96.001497, "cv_normalized": 0.3486017358}, {"median_cv": 15.76, "block_pricing": ["{100: 19.99, 250: 19.99, 500: 24.99, 1: 34.99}", "{100: 49.99, 250: 49.99, 500: 54.99, 1: 64.99}", "{100: 49.99, 250: 89.99, 500: 99.99, 1: 119.99}"], "Lat": 41.247376, "Long": -96.0098695, "cv_normalized": 0.3486017358}, {"median_cv": 15.76, "block_pricing": ["{100: 49.99, 250: 49.99, 500: 54.99, 1: 64.99}", "{100: 19.99, 250: 19.99, 500: 24.99, 1: 34.99}", "{100: 49.99, 250: 89.99, 500: 99.99, 1: 119.99}"], "Lat": 41.241101, "Long": -96.007473, "cv_normalized": 0.3486017358}, {"median_cv": 15.76, "block_pricing": ["{100: 49.99, 250: 49.99, 500: 54.99, 1: 64.99}", "{100: 19.99, 250: 19.99, 500: 24.99, 1: 34.99}", "{100: 49.99, 250: 89.99, 500: 99.99, 1: 119.99}", "{100: 49.99, 250: 59.99, 500: 79.99, 1: 99.99}"], "Lat": 41.244593, "Long": -95.978386, "cv_normalized": 0.3486017358}, {"median_cv": 15.76, "block_pricing": ["{100: 49.99, 250: 49.99, 500: 54.99, 1: 64.99}", "{100: 19.99, 250: 19.99, 500: 24.99, 1: 34.99}", "{100: 49.99, 250: 89.99, 500: 99.99, 1: 119.99}", "{100: 49.99, 250: 62.49, 500: 72.49, 1: 92.49}"], "Lat": 41.244597, "Long": -95.983303, "cv_normalized": 0.3486017358}, {"median_cv": 15.76, "block_pricing": ["{100: 49.99, 250: 49.99, 500: 54.99, 1: 64.99}", "{100: 19.99, 250: 19.99, 500: 24.99, 1: 34.99}", "{100: 49.99, 250: 89.99, 500: 99.99, 1: 119.99}"], "Lat": 41.2440225, "Long": -95.9881285, "cv_normalized": 0.3486017358}, {"median_cv": 10.24, "block_pricing": ["{100: 49.99, 250: 59.99, 500: 79.99, 1: 99.99}", "{100: 49.99, 250: 89.99, 500: 99.99, 1: 119.99}", "{100: 19.99, 250: 29.99, 500: 49.99, 1: 69.99}", "{100: 49.99, 250: 49.99, 500: 69.99, 1: 89.99}"], "Lat": 41.24741, "Long": -95.96353, "cv_normalized": 0.0824493732}, {"median_cv": 12.435, "block_pricing": ["{100: 49.99, 250: 59.99, 500: 79.99, 1: 99.99}", "{100: 19.99, 250: 29.99, 500: 49.99, 1: 69.99}", "{100: 49.99, 250: 89.99, 500: 99.99, 1: 119.99}"], "Lat": 41.247599, "Long": -95.957611, "cv_normalized": 0.1882835101}, {"median_cv": 10.24, "block_pricing": ["{100: 19.99, 250: 29.99, 500: 49.99, 1: 69.99}", "{100: 49.99, 250: 59.99, 500: 79.99, 1: 99.99}", "{100: 49.99, 250: 49.99, 500: 69.99, 1: 89.99}"], "Lat": 41.238442, "Long": -95.957495, "cv_normalized": 0.0824493732}, {"median_cv": 10.24, "block_pricing": ["{100: 49.99, 250: 59.99, 500: 79.99, 1: 99.99}", "{100: 49.99, 250: 49.99, 500: 69.99, 1: 89.99}", "{100: 19.99, 250: 29.99, 500: 49.99, 1: 69.99}", "{100: 49.99, 250: 89.99, 500: 99.99, 1: 119.99}", "{100: 19.99, 250: 19.99, 500: 39.99, 1: 59.99}"], "Lat": 41.243103, "Long": -95.962805, "cv_normalized": 0.0824493732}, {"median_cv": 14.63, "block_pricing": ["{100: 49.99, 250: 59.99, 500: 79.99, 1: 99.99}", "{100: 19.99, 250: 29.99, 500: 49.99, 1: 69.99}", "{100: 49.99, 250: 89.99, 500: 99.99, 1: 119.99}", "{100: 49.99, 250: 49.99, 500: 54.99, 1: 64.99}"], "Lat": 41.251112, "Long": -95.9595105, "cv_normalized": 0.2941176471}, {"median_cv": 10.24, "block_pricing": ["{100: 49.99, 250: 59.99, 500: 79.99, 1: 99.99}", "{100: 19.99, 250: 29.99, 500: 49.99, 1: 69.99}", "{100: 49.99, 250: 49.99, 500: 54.99, 1: 64.99}", "{100: 19.99, 250: 19.99, 500: 39.99, 1: 59.99}", "{100: 49.99, 250: 89.99, 500: 99.99, 1: 119.99}", "{100: 49.99, 250: 49.99, 500: 69.99, 1: 89.99}"], "Lat": 41.249734, "Long": -95.950612, "cv_normalized": 0.0824493732}, {"median_cv": 14.63, "block_pricing": ["{100: 19.99, 250: 29.99, 500: 49.99, 1: 69.99}", "{100: 19.99, 250: 19.99, 500: 24.99, 1: 34.99}", "{100: 49.99, 250: 89.99, 500: 99.99, 1: 119.99}", "{100: 49.99, 250: 59.99, 500: 79.99, 1: 99.99}", "{100: 49.99, 250: 49.99, 500: 69.99, 1: 89.99}", "{100: 49.99, 250: 49.99, 500: 54.99, 1: 64.99}"], "Lat": 41.255389, "Long": -95.947399, "cv_normalized": 0.2941176471}, {"median_cv": 10.24, "block_pricing": ["{100: 49.99, 250: 59.99, 500: 79.99, 1: 99.99}", "{100: 49.99, 250: 89.99, 500: 99.99, 1: 119.99}"], "Lat": 41.2547715, "Long": -95.9571815, "cv_normalized": 0.0824493732}, {"median_cv": 10.24, "block_pricing": ["{100: 49.99, 250: 89.99, 500: 99.99, 1: 119.99}", "{100: 49.99, 250: 59.99, 500: 79.99, 1: 99.99}", "{100: 19.99, 250: 29.99, 500: 49.99, 1: 69.99}", "{100: 49.99, 250: 62.49, 500: 72.49, 1: 92.49}"], "Lat": 41.254867, "Long": -95.963458, "cv_normalized": 0.0824493732}, {"median_cv": 10.81, "block_pricing": ["{100: 49.99, 250: 59.99, 500: 79.99, 1: 99.99}", "{100: 49.99, 250: 49.99, 500: 69.99, 1: 89.99}"], "Lat": 41.2507705, "Long": -95.9641085, "cv_normalized": 0.1099324976}, {"median_cv": 10.24, "block_pricing": ["{100: 49.99, 250: 59.99, 500: 79.99, 1: 99.99}"], "Lat": 41.2563065, "Long": -95.9694695, "cv_normalized": 0.0824493732}, {"median_cv": 10.24, "block_pricing": ["{100: 49.99, 250: 59.99, 500: 79.99, 1: 99.99}", "{100: 19.99, 250: 29.99, 500: 49.99, 1: 69.99}"], "Lat": 41.2555955, "Long": -95.9667585, "cv_normalized": 0.0824493732}, {"median_cv": 15.76, "block_pricing": ["{100: 49.99, 250: 49.99, 500: 54.99, 1: 64.99}", "{100: 49.99, 250: 89.99, 500: 99.99, 1: 119.99}", "{100: 49.99, 250: 59.99, 500: 79.99, 1: 99.99}"], "Lat": 41.2508505, "Long": -95.9696855, "cv_normalized": 0.3486017358}, {"median_cv": 15.76, "block_pricing": ["{100: 49.99, 250: 49.99, 500: 54.99, 1: 64.99}", "{100: 49.99, 250: 59.99, 500: 79.99, 1: 99.99}", "{100: 49.99, 250: 49.99, 500: 69.99, 1: 89.99}", "{100: 49.99, 250: 89.99, 500: 99.99, 1: 119.99}", "{100: 19.99, 250: 19.99, 500: 24.99, 1: 34.99}"], "Lat": 41.2512475, "Long": -95.985025, "cv_normalized": 0.3486017358}, {"median_cv": 15.76, "block_pricing": ["{100: 49.99, 250: 49.99, 500: 54.99, 1: 64.99}", "{100: 49.99, 250: 89.99, 500: 99.99, 1: 119.99}", "{100: 19.99, 250: 19.99, 500: 24.99, 1: 34.99}", "{100: 49.99, 250: 59.99, 500: 79.99, 1: 99.99}"], "Lat": 41.2504245, "Long": -95.979214, "cv_normalized": 0.3486017358}, {"median_cv": 15.76, "block_pricing": ["{100: 19.99, 250: 19.99, 500: 24.99, 1: 34.99}", "{100: 49.99, 250: 49.99, 500: 54.99, 1: 64.99}"], "Lat": 41.25808, "Long": -95.989902, "cv_normalized": 0.3486017358}, {"median_cv": 15.76, "block_pricing": ["{100: 49.99, 250: 49.99, 500: 54.99, 1: 64.99}", "{100: 19.99, 250: 19.99, 500: 24.99, 1: 34.99}", "{100: 49.99, 250: 89.99, 500: 99.99, 1: 119.99}"], "Lat": 41.2556, "Long": -95.993047, "cv_normalized": 0.3486017358}, {"median_cv": 15.76, "block_pricing": ["{100: 49.99, 250: 49.99, 500: 54.99, 1: 64.99}", "{100: 49.99, 250: 89.99, 500: 99.99, 1: 119.99}", "{100: 19.99, 250: 19.99, 500: 24.99, 1: 34.99}"], "Lat": 41.2502465, "Long": -95.9941925, "cv_normalized": 0.3486017358}, {"median_cv": 15.76, "block_pricing": ["{100: 49.99, 250: 49.99, 500: 54.99, 1: 64.99}", "{100: 19.99, 250: 19.99, 500: 24.99, 1: 34.99}", "{100: 49.99, 250: 89.99, 500: 99.99, 1: 119.99}"], "Lat": 41.250742, "Long": -96.001711, "cv_normalized": 0.3486017358}, {"median_cv": 15.76, "block_pricing": ["{100: 49.99, 250: 49.99, 500: 54.99, 1: 64.99}", "{100: 49.99, 250: 89.99, 500: 99.99, 1: 119.99}", "{100: 19.99, 250: 19.99, 500: 24.99, 1: 34.99}"], "Lat": 41.257002, "Long": -95.997405, "cv_normalized": 0.3486017358}, {"median_cv": 15.76, "block_pricing": ["{100: 49.99, 250: 49.99, 500: 54.99, 1: 64.99}", "{100: 19.99, 250: 19.99, 500: 24.99, 1: 34.99}", "{100: 49.99, 250: 89.99, 500: 99.99, 1: 119.99}"], "Lat": 41.254116, "Long": -95.999861, "cv_normalized": 0.3486017358}, {"median_cv": 15.76, "block_pricing": ["{100: 49.99, 250: 49.99, 500: 54.99, 1: 64.99}", "{100: 19.99, 250: 19.99, 500: 24.99, 1: 34.99}", "{100: 49.99, 250: 89.99, 500: 99.99, 1: 119.99}"], "Lat": 41.2528345, "Long": -96.0178545, "cv_normalized": 0.3486017358}, {"median_cv": 15.76, "block_pricing": ["{100: 49.99, 250: 49.99, 500: 54.99, 1: 64.99}", "{100: 19.99, 250: 19.99, 500: 24.99, 1: 34.99}", "{100: 49.99, 250: 89.99, 500: 99.99, 1: 119.99}"], "Lat": 41.267283, "Long": -95.9991565, "cv_normalized": 0.3486017358}, {"median_cv": 15.76, "block_pricing": ["{100: 49.99, 250: 49.99, 500: 54.99, 1: 64.99}", "{100: 49.99, 250: 59.99, 500: 79.99, 1: 99.99}", "{100: 19.99, 250: 29.99, 500: 49.99, 1: 69.99}"], "Lat": 41.261035, "Long": -96.016363, "cv_normalized": 0.3486017358}, {"median_cv": 15.76, "block_pricing": ["{100: 49.99, 250: 49.99, 500: 54.99, 1: 64.99}", "{100: 19.99, 250: 19.99, 500: 24.99, 1: 34.99}", "{100: 49.99, 250: 89.99, 500: 99.99, 1: 119.99}"], "Lat": 41.270299, "Long": -95.9928965, "cv_normalized": 0.3486017358}, {"median_cv": 15.76, "block_pricing": ["{100: 49.99, 250: 49.99, 500: 54.99, 1: 64.99}", "{100: 19.99, 250: 19.99, 500: 24.99, 1: 34.99}", "{100: 49.99, 250: 89.99, 500: 99.99, 1: 119.99}"], "Lat": 41.269357, "Long": -95.98826, "cv_normalized": 0.3486017358}, {"median_cv": 15.76, "block_pricing": ["{100: 49.99, 250: 49.99, 500: 54.99, 1: 64.99}", "{100: 49.99, 250: 89.99, 500: 99.99, 1: 119.99}", "{100: 19.99, 250: 19.99, 500: 24.99, 1: 34.99}", "{100: 49.99, 250: 89.99, 500: 99.99, 1: 119.99, 2: 149.99}", "{100: 19.99, 250: 29.99, 500: 49.99, 1: 69.99}"], "Lat": 41.26529, "Long": -95.9900475, "cv_normalized": 0.3486017358}, {"median_cv": 15.76, "block_pricing": ["{100: 49.99, 250: 49.99, 500: 54.99, 1: 64.99}", "{100: 19.99, 250: 19.99, 500: 24.99, 1: 34.99}", "{100: 49.99, 250: 89.99, 500: 99.99, 1: 119.99}"], "Lat": 41.2618875, "Long": -95.991048, "cv_normalized": 0.3486017358}, {"median_cv": 15.76, "block_pricing": ["{100: 49.99, 250: 49.99, 500: 54.99, 1: 64.99}", "{100: 19.99, 250: 19.99, 500: 24.99, 1: 34.99}", "{100: 49.99, 250: 89.99, 500: 99.99, 1: 119.99}"], "Lat": 41.271414, "Long": -95.970482, "cv_normalized": 0.3486017358}, {"median_cv": 29.27, "block_pricing": ["{100: 19.99, 250: 19.99, 500: 24.99, 1: 34.99}", "{100: 49.99, 250: 49.99, 500: 54.99, 1: 64.99}"], "Lat": 41.2710635, "Long": -95.9756345, "cv_normalized": 1.0}, {"median_cv": 15.76, "block_pricing": ["{100: 49.99, 250: 49.99, 500: 54.99, 1: 64.99}", "{100: 19.99, 250: 19.99, 500: 24.99, 1: 34.99}"], "Lat": 41.271194, "Long": -95.9