[{"median_cv": 10.24, "block_pricing": ["{100: 49.99, 250: 59.99, 500: 79.99, 1: 99.99}", "{100: 19.99, 250: 29.99, 500: 49.99, 1: 69.99}", "{100: 49.99, 250: 49.99, 500: 69.99, 1: 89.99}", "{100: 49.99, 250: 59.99, 500: 69.99, 1: 89.99}"], "Lat": 33.503907, "Long": -112.282241, "cv_normalized": 0.0824493732}, {"median_cv": 10.24, "block_pricing": ["{100: 49.99, 250: 59.99, 500: 79.99, 1: 99.99}", "{100: 19.99, 250: 29.99, 500: 49.99, 1: 69.99}", "{100: 49.99, 250: 89.99, 500: 99.99, 1: 119.99}", "{100: 19.99, 250: 19.99, 500: 39.99, 1: 59.99}", "{100: 49.99, 250: 49.99, 500: 69.99, 1: 89.99}"], "Lat": 33.498574, "Long": -112.277655, "cv_normalized": 0.0824493732}, {"median_cv": 10.24, "block_pricing": ["{100: 49.99, 250: 59.99, 500: 79.99, 1: 99.99}", "{100: 19.99, 250: 29.99, 500: 49.99, 1: 69.99}"], "Lat": 33.497471, "Long": -112.2864355, "cv_normalized": 0.0824493732}, {"median_cv": 10.24, "block_pricing": ["{100: 49.99, 250: 59.99, 500: 79.99, 1: 99.99}", "{100: 49.99, 250: 49.99, 500: 69.99, 1: 89.99}", "{100: 19.99, 250: 29.99, 500: 49.99, 1: 69.99}", "{100: 49.99, 250: 89.99, 500: 99.99, 1: 119.99}", "{100: 49.99, 250: 62.49, 500: 72.49, 1: 92.49}"], "Lat": 33.505284, "Long": -112.250508, "cv_normalized": 0.0824493732}, {"median_cv": 10.24, "block_pricing": ["{100: 19.99, 250: 29.99, 500: 49.99, 1: 69.99}", "{100: 19.99, 250: 19.99, 500: 39.99, 1: 59.99}", "{100: 49.99, 250: 59.99, 500: 79.99, 1: 99.99}", "{100: 49.99, 250: 49.99, 500: 69.99, 1: 89.99}", "{100: 49.99, 250: 89.99, 500: 99.99, 1: 119.99}", "{100: 49.99, 250: 49.99, 500: 54.99, 1: 64.99}"], "Lat": 33.499205, "Long": -112.250338, "cv_normalized": 0.0824493732}, {"median_cv": 10.24, "block_pricing": ["{100: 49.99, 250: 59.99, 500: 79.99, 1: 99.99}", "{100: 19.99, 250: 29.99, 500: 49.99, 1: 69.99}", "{100: 49.99, 250: 49.99, 500: 69.99, 1: 89.99}"], "Lat": 33.497133, "Long": -112.2427795, "cv_normalized": 0.0824493732}, {"median_cv": 10.24, "block_pricing": ["{100: 49.99, 250: 59.99, 500: 79.99, 1: 99.99}", "{100: 19.99, 250: 29.99, 500: 49.99, 1: 69.99}", "{100: 49.99, 250: 89.99, 500: 99.99, 1: 119.99}", "{100: 49.99, 250: 79.99, 500: 89.99, 1: 109.99}"], "Lat": 33.502792, "Long": -112.239863, "cv_normalized": 0.0824493732}, {"median_cv": 10.24, "block_pricing": ["{100: 49.99, 250: 59.99, 500: 79.99, 1: 99.99}", "{100: 19.99, 250: 29.99, 500: 49.99, 1: 69.99}", "{100: 49.99, 250: 49.99, 500: 69.99, 1: 89.99}", "{100: 49.99, 250: 89.99, 500: 99.99, 1: 119.99}", "{100: 49.99, 250: 0, 500: 20, 1: 40}"], "Lat": 33.506632, "Long": -112.243442, "cv_normalized": 0.0824493732}, {"median_cv": 10.24, "block_pricing": ["{100: 19.99, 250: 29.99, 500: 49.99, 1: 69.99}", "{100: 49.99, 250: 59.99, 500: 79.99, 1: 99.99}", "{100: 49.99, 250: 89.99, 500: 99.99, 1: 119.99}", "{100: 19.99, 250: 19.99, 500: 39.99, 1: 59.99}", "{100: 49.99, 250: 49.99, 500: 69.99, 1: 89.99}"], "Lat": 33.4918375, "Long": -112.2501155, "cv_normalized": 0.0824493732}, {"median_cv": 10.24, "block_pricing": ["{100: 49.99, 250: 59.99, 500: 79.99, 1: 99.99}", "{100: 19.99, 250: 29.99, 500: 49.99, 1: 69.99}", "{100: 49.99, 250: 49.99, 500: 69.99, 1: 89.99}"], "Lat": 33.483502, "Long": -112.249805, "cv_normalized": 0.0824493732}, {"median_cv": 10.24, "block_pricing": ["{100: 49.99, 250: 59.99, 500: 79.99, 1: 99.99}", "{100: 19.99, 250: 29.99, 500: 49.99, 1: 69.99}", "{100: 19.99, 250: 19.99, 500: 39.99, 1: 59.99}", "{100: 49.99, 250: 89.99, 500: 99.99, 1: 119.99}", "{100: 49.99, 250: 49.99, 500: 69.99, 1: 89.99}"], "Lat": 33.490858, "Long": -112.242515, "cv_normalized": 0.0824493732}, {"median_cv": 10.24, "block_pricing": ["{100: 49.99, 250: 59.99, 500: 79.99, 1: 99.99}", "{100: 19.99, 250: 29.99, 500: 49.99, 1: 69.99}", "{100: 49.99, 250: 49.99, 500: 69.99, 1: 89.99}", "{100: 49.99, 250: 89.99, 500: 99.99, 1: 119.99}"], "Lat": 33.483881, "Long": -112.24288, "cv_normalized": 0.0824493732}, {"median_cv": 10.24, "block_pricing": ["{100: 49.99, 250: 59.99, 500: 79.99, 1: 99.99}", "{100: 49.99, 250: 49.99, 500: 69.99, 1: 89.99}", "{100: 49.99, 250: 72.49, 500: 82.49, 1: 102.49}", "{100: 19.99, 250: 29.99, 500: 49.99, 1: 69.99}", "{100: 49.99, 250: 89.99, 500: 99.99, 1: 119.99}", "{100: 19.99, 250: 19.99, 500: 39.99, 1: 59.99}"], "Lat": 33.497846, "Long": -112.296768, "cv_normalized": 0.0824493732}, {"median_cv": 10.24, "block_pricing": ["{100: 49.99, 250: 59.99, 500: 79.99, 1: 99.99}", "{100: 19.99, 250: 29.99, 500: 49.99, 1: 69.99}", "{100: 49.99, 250: 89.99, 500: 99.99, 1: 119.99}", "{100: 49.99, 250: 49.99, 500: 69.99, 1: 89.99}", "{100: 49.99, 250: 54.99, 500: 64.99, 1: 84.99}", "{100: 49.99, 250: 82.49, 500: 92.49, 1: 112.49}"], "Lat": 33.504043, "Long": -112.299145, "cv_normalized": 0.0824493732}, {"median_cv": 10.24, "block_pricing": ["{100: 49.99, 250: 59.99, 500: 79.99, 1: 99.99}", "{100: 49.99, 250: 49.99, 500: 69.99, 1: 89.99}", "{100: 19.99, 250: 29.99, 500: 49.99, 1: 69.99}", "{100: 49.99, 250: 49.99, 500: 54.99, 1: 64.99}", "{100: 49.99, 250: 89.99, 500: 99.99, 1: 119.99}"], "Lat": 33.5037285, "Long": -112.2607615, "cv_normalized": 0.0824493732}, {"median_cv": 10.24, "block_pricing": ["{100: 49.99, 250: 59.99, 500: 79.99, 1: 99.99}", "{100: 49.99, 250: 49.99, 500: 69.99, 1: 89.99}", "{100: 49.99, 250: 79.99, 500: 89.99, 1: 109.99}", "{100: 49.99, 250: 89.99, 500: 99.99, 1: 119.99}", "{100: 19.99, 250: 19.99, 500: 39.99, 1: 59.99}", "{100: 19.99, 250: 29.99, 500: 49.99, 1: 69.99}"], "Lat": 33.469382, "Long": -112.261817, "cv_normalized": 0.0824493732}, {"median_cv": 10.24, "block_pricing": ["{100: 49.99, 250: 59.99, 500: 79.99, 1: 99.99}", "{100: 19.99, 250: 29.99, 500: 49.99, 1: 69.99}", "{100: 49.99, 250: 49.99, 500: 69.99, 1: 89.99}"], "Lat": 33.475204, "Long": -112.259502, "cv_normalized": 0.0824493732}, {"median_cv": 10.24, "block_pricing": ["{100: 49.99, 250: 59.99, 500: 79.99, 1: 99.99}", "{100: 49.99, 250: 49.99, 500: 69.99, 1: 89.99}", "{100: 19.99, 250: 29.99, 500: 49.99, 1: 69.99}"], "Lat": 33.474747, "Long": -112.2499415, "cv_normalized": 0.0824493732}, {"median_cv": 10.24, "block_pricing": ["{100: 49.99, 250: 49.99, 500: 69.99, 1: 89.99}", "{100: 49.99, 250: 89.99, 500: 99.99, 1: 119.99}", "{100: 49.99, 250: 59.99, 500: 79.99, 1: 99.99}", "{100: 19.99, 250: 29.99, 500: 49.99, 1: 69.99}", "{100: 19.99, 250: 19.99, 500: 39.99, 1: 59.99}"], "Lat": 33.476265, "Long": -112.24337, "cv_normalized": 0.0824493732}, {"median_cv": 10.24, "block_pricing": ["{100: 49.99, 250: 59.99, 500: 79.99, 1: 99.99}", "{100: 19.99, 250: 29.99, 500: 49.99, 1: 69.99}", "{100: 49.99, 250: 49.99, 500: 69.99, 1: 89.99}"], "Lat": 33.469113, "Long": -112.241361, "cv_normalized": 0.0824493732}, {"median_cv": 10.24, "block_pricing": ["{100: 19.99, 250: 29.99, 500: 49.99, 1: 69.99}", "{100: 49.99, 250: 49.99, 500: 69.99, 1: 89.99}", "{100: 49.99, 250: 89.99, 500: 99.99, 1: 119.99}", "{100: 49.99, 250: 59.99, 500: 79.99, 1: 99.99}", "{100: 19.99, 250: 19.99, 500: 39.99, 1: 59.99}"], "Lat": 33.469986, "Long": -112.2500075, "cv_normalized": 0.0824493732}, {"median_cv": 10.24, "block_pricing": ["{100: 49.99, 250: 59.99, 500: 79.99, 1: 99.99}", "{100: 49.99, 250: 49.99, 500: 69.99, 1: 89.99}", "{100: 49.99, 250: 89.99, 500: 99.99, 1: 119.99}"], "Lat": 33.5868105, "Long": -111.9892865, "cv_normalized": 0.0824493732}, {"median_cv": 8.53, "block_pricing": ["{100: 49.99, 250: 89.99, 500: 99.99, 1: 119.99}"], "Lat": 33.597947, "Long": -111.98912, "cv_normalized": 0.0}, {"median_cv": 10.24, "block_pricing": ["{100: 49.99, 250: 59.99, 500: 79.99, 1: 99.99}", "{100: 49.99, 250: 49.99, 500: 69.99, 1: 89.99}", "{100: 49.99, 250: 89.99, 500: 99.99, 1: 119.99}"], "Lat": 33.592382, "Long": -111.992174, "cv_normalized": 0.0824493732}, {"median_cv": 10.24, "block_pricing": ["{100: 49.99, 250: 59.99, 500: 79.99, 1: 99.99}", "{100: 49.99, 250: 49.99, 500: 69.99, 1: 89.99}", "{100: 49.99, 250: 79.99, 500: 89.99, 1: 109.99}", "{100: 19.99, 250: 19.99, 500: 39.99, 1: 59.99}", "{100: 49.99, 250: 89.99, 500: 99.99, 1: 119.99}"], "Lat": 33.6217655, "Long": -111.989685, "cv_normalized": 0.0824493732}, {"median_cv": 10.24, "block_pricing": ["{100: 49.99, 250: 59.99, 500: 79.99, 1: 99.99}", "{100: 49.99, 250: 89.99, 500: 99.99, 1: 119.99}", "{100: 49.99, 250: 49.99, 500: 69.99, 1: 89.99}", "{100: 19.99, 250: 29.99, 500: 49.99, 1: 69.99}", "{100: 49.99, 250: 62.49, 500: 72.49, 1: 92.49}"], "Lat": 33.618128, "Long": -111.981963, "cv_normalized": 0.0824493732}, {"median_cv": 10.24, "block_pricing": ["{100: 19.99, 250: 19.99, 500: 39.99, 1: 59.99}", "{100: 49.99, 250: 59.99, 500: 79.99, 1: 99.99}", "{100: 49.99, 250: 89.99, 500: 99.99, 1: 119.99}", "{100: 49.99, 250: 49.99, 500: 69.99, 1: 89.99}", "{100: 19.99, 250: 29.99, 500: 49.99, 1: 69.99}"], "Lat": 33.614945, "Long": -111.991439, "cv_normalized": 0.0824493732}, {"median_cv": 10.24, "block_pricing": ["{100: 49.99, 250: 59.99, 500: 79.99, 1: 99.99}", "{100: 49.99, 250: 49.99, 500: 69.99, 1: 89.99}", "{100: 49.99, 250: 89.99, 500: 99.99, 1: 119.99}"], "Lat": 33.6356, "Long": -111.983397, "cv_normalized": 0.0824493732}, {"median_cv": 10.24, "block_pricing": ["{100: 49.99, 250: 59.99, 500: 79.99, 1: 99.99}", "{100: 19.99, 250: 29.99, 500: 49.99, 1: 69.99}", "{100: 49.99, 250: 89.99, 500: 99.99, 1: 119.99}", "{100: 49.99, 250: 49.99, 500: 69.99, 1: 89.99}", "{100: 49.99, 250: 49.99, 500: 54.99, 1: 64.99}"], "Lat": 33.6291685, "Long": -111.984116, "cv_normalized": 0.0824493732}, {"median_cv": 10.24, "block_pricing": ["{100: 49.99, 250: 59.99, 500: 79.99, 1: 99.99}", "{100: 19.99, 250: 29.99, 500: 49.99, 1: 69.99}", "{100: 19.99, 250: 19.99, 500: 39.99, 1: 59.99}", "{100: 49.99, 250: 49.99, 500: 69.99, 1: 89.99}"], "Lat": 33.621926, "Long": -112.004198, "cv_normalized": 0.0824493732}, {"median_cv": 10.24, "block_pricing": ["{100: 49.99, 250: 59.99, 500: 79.99, 1: 99.99}", "{100: 19.99, 250: 29.99, 500: 49.99, 1: 69.99}", "{100: 49.99, 250: 49.99, 500: 69.99, 1: 89.99}"], "Lat": 33.61697, "Long": -111.999743, "cv_normalized": 0.0824493732}, {"median_cv": 10.24, "block_pricing": ["{100: 49.99, 250: 59.99, 500: 79.99, 1: 99.99}", "{100: 49.99, 250: 89.99, 500: 99.99, 1: 119.99}", "{100: 49.99, 250: 49.99, 500: 69.99, 1: 89.99}", "{100: 19.99, 250: 29.99, 500: 49.99, 1: 69.99}", "{100: 19.99, 250: 19.99, 500: 39.99, 1: 59.99}"], "Lat": 33.6169465, "Long": -112.0107815, "cv_normalized": 0.0824493732}, {"median_cv": 10.24, "block_pricing": ["{100: 49.99, 250: 59.99, 500: 79.99, 1: 99.99}", "{100: 49.99, 250: 49.99, 500: 69.99, 1: 89.99}", "{100: 19.99, 250: 29.99, 500: 49.99, 1: 69.99}"], "Lat": 33.631506, "Long": -111.998912, "cv_normalized": 0.0824493732}, {"median_cv": 10.24, "block_pricing": ["{100: 19.99, 250: 29.99, 500: 49.99, 1: 69.99}", "{100: 49.99, 250: 59.99, 500: 79.99, 1: 99.99}", "{100: 19.99, 250: 19.99, 500: 39.99, 1: 59.99}", "{100: 49.99, 250: 49.99, 500: 69.99, 1: 89.99}", "{100: 49.99, 250: 89.99, 500: 99.99, 1: 119.99}"], "Lat": 33.635667, "Long": -112.008501, "cv_normalized": 0.0824493732}, {"median_cv": 10.24, "block_pricing": ["{100: 49.99, 250: 49.99, 500: 69.99, 1: 89.99}", "{100: 49.99, 250: 59.99, 500: 79.99, 1: 99.99}", "{100: 19.99, 250: 29.99, 500: 49.99, 1: 69.99}"], "Lat": 33.63089, "Long": -112.009421, "cv_normalized": 0.0824493732}, {"median_cv": 10.24, "block_pricing": ["{100: 49.99, 250: 59.99, 500: 79.99, 1: 99.99}", "{100: 19.99, 250: 29.99, 500: 49.99, 1: 69.99}", "{100: 19.99, 250: 19.99, 500: 39.99, 1: 59.99}", "{100: 49.99, 250: 49.99, 500: 69.99, 1: 89.99}", "{100: 49.99, 250: 89.99, 500: 99.99, 1: 119.99}"], "Lat": 33.6362935, "Long": -112.017221, "cv_normalized": 0.0824493732}, {"median_cv": 8.53, "block_pricing": ["{100: 49.99, 250: 89.99, 500: 99.99, 1: 119.99}"], "Lat": 33.633331, "Long": -112.015285, "cv_normalized": 0.0}, {"median_cv": 14.63, "block_pricing": ["{100: 49.99, 250: 59.99, 500: 79.99, 1: 99.99}", "{100: 19.99, 250: 29.99, 500: 49.99, 1: 69.99}"], "Lat": 33.629131, "Long": -112.018664, "cv_normalized": 0.2941176471}, {"median_cv": 14.63, "block_pricing": ["{100: 19.99, 250: 29.99, 500: 49.99, 1: 69.99}"], "Lat": 33.6377165, "Long": -112.0278635, "cv_normalized": 0.2941176471}, {"median_cv": 14.63, "block_pricing": ["{100: 19.99, 250: 29.99, 500: 49.99, 1: 69.99}", "{100: 49.99, 250: 59.99, 500: 79.99, 1: 99.99}", "{100: 19.99, 250: 19.99, 500: 39.99, 1: 59.99}", "{100: 49.99, 250: 89.99, 500: 99.99, 1: 119.99}"], "Lat": 33.6358935, "Long": -112.023967, "cv_normalized": 0.2941176471}, {"median_cv": 14.63, "block_pricing": ["{100: 49.99, 250: 59.99, 500: 79.99, 1: 99.99}", "{100: 19.99, 250: 19.99, 500: 39.99, 1: 59.99}", "{100: 19.99, 250: 29.99, 500: 49.99, 1: 69.99}"], "Lat": 33.628759, "Long": -112.025862, "cv_normalized": 0.2941176471}, {"median_cv": 10.24, "block_pricing": ["{100: 49.99, 250: 59.99, 500: 79.99, 1: 99.99}", "{100: 19.99, 250: 29.99, 500: 49.99, 1: 69.99}", "{100: 49.99, 250: 49.99, 500: 69.99, 1: 89.99}", "{100: 19.99, 250: 19.99, 500: 39.99, 1: 59.99}"], "Lat": 33.601281, "Long": -112.005955, "cv_normalized": 0.0824493732}, {"median_cv": 10.24, "block_pricing": ["{100: 49.99, 250: 59.99, 500: 79.99, 1: 99.99}", "{100: 49.99, 250: 49.99, 500: 69.99, 1: 89.99}", "{100: 19.99, 250: 29.99, 500: 49.99, 1: 69.99}"], "Lat": 33.608948, "Long": -112.0034, "cv_normalized": 0.0824493732}, {"median_cv": 10.24, "block_pricing": ["{100: 49.99, 250: 59.99, 500: 79.99, 1: 99.99}", "{100: 49.99, 250: 49.99, 500: 69.99, 1: 89.99}", "{100: 19.99, 250: 29.99, 500: 49.99, 1: 69.99}", "{100: 19.99, 250: 19.99, 500: 39.99, 1: 59.99}", "{100: 49.99, 250: 89.99, 500: 99.99, 1: 119.99}"], "Lat": 33.6053635, "Long": -111.998936, "cv_normalized": 0.0824493732}, {"median_cv": 10.24, "block_pricing": ["{100: 49.99, 250: 59.99, 500: 79.99, 1: 99.99}", "{100: 19.99, 250: 29.99, 500: 49.99, 1: 69.99}", "{100: 49.99, 250: 49.99, 500: 69.99, 1: 89.99}", "{100: 19.99, 250: 19.99, 500: 39.99, 1: 59.99}"], "Lat": 33.62182, "Long": -112.0268565, "cv_normalized": 0.0824493732}, {"median_cv": 10.24, "block_pricing": ["{100: 49.99, 250: 59.99, 500: 79.99, 1: 99.99}", "{100: 19.99, 250: 29.99, 500: 49.99, 1: 69.99}", "{100: 49.99, 250: 49.99, 500: 69.99, 1: 89.99}", "{100: 19.99, 250: 19.99, 500: 39.99, 1: 59.99}", "{100: 49.99, 250: 89.99, 500: 99.99, 1: 119.99}"], "Lat": 33.6223005, "Long": -112.020178, "cv_normalized": 0.0824493732}, {"median_cv": 10.24, "block_pricing": ["{100: 49.99, 250: 59.99, 500: 79.99, 1: 99.99}", "{100: 19.99, 250: 29.99, 500: 49.99, 1: 69.99}", "{100: 49.99, 250: 49.99, 500: 69.99, 1: 89.99}", "{100: 49.99, 250: 89.99, 500: 99.99, 1: 119.99}"], "Lat": 33.615709, "Long": -112.0188185, "cv_normalized": 0.0824493732}, {"median_cv": 10.24, "block_pricing": ["{100: 49.99, 250: 59.99, 500: 79.99, 1: 99.99}", "{100: 49.99, 250: 49.99, 500: 69.99, 1: 89.99}", "{100: 19.99, 250: 29.99, 500: 49.99, 1: 69.99}", "{100: 49.99, 250: 89.99, 500: 99.99, 1: 119.99}", "{100: 49.99, 250: 49.99, 500: 54.99, 1: 64.99}"], "Lat": 33.6066555, "Long": -112.0180455, "cv_normalized": 0.0824493732}, {"median_cv": 11.38, "block_pricing": ["{100: 19.99, 250: 29.99, 500: 49.99, 1: 69.99}", "{100: 49.99, 250: 59.99, 500: 79.99, 1: 99.99}", "{100: 49.99, 250: 49.99, 500: 69.99, 1: 89.99}", "{100: 19.99, 250: 19.99, 500: 39.99, 1: 59.99}", "{100: 49.99, 250: 49.99, 500: 54.99, 1: 64.99}", "{100: 49.99, 250: 0, 500: 20, 1: 40}"], "Lat": 33.6008525, "Long": -112.0321185, "cv_normalized": 0.137415622}, {"median_cv": 10.24, "block_pricing": ["{100: 49.99, 250: 59.99, 500: 79.99, 1: 99.99}", "{100: 49.99, 250: 49.99, 500: 69.99, 1: 89.99}", "{100: 49.99, 250: 89.99, 500: 99.99, 1: 119.99}", "{100: 19.99, 250: 29.99, 500: 49.99, 1: 69.99}"], "Lat": 33.601519, "Long": -112.0177335, "cv_normalized": 0.0824493732}, {"median_cv": 10.24, "block_pricing": ["{100: 49.99, 250: 49.99, 500: 54.99, 1: 64.99}", "{100: 19.99, 250: 19.99, 500: 24.99, 1: 34.99}", "{100: 49.99, 250: 59.99, 500: 79.99, 1: 99.99}"], "Lat": 33.607169, "Long": -112.026098, "cv_normalized": 0.0824493732}, {"median_cv": 10.24, "block_pricing": ["{100: 49.99, 250: 59.99, 500: 79.99, 1: 99.99}", "{100: 19.99, 250: 29.99, 500: 49.99, 1: 69.99}", "{100: 49.99, 250: 49.99, 500: 69.99, 1: 89.99}", "{100: 49.99, 250: 89.99, 500: 99.99, 1: 119.99}", "{100: 49.99, 250: 49.99, 500: 54.99, 1: 64.99}"], "Lat": 33.5996315, "Long": -112.024765, "cv_normalized": 0.0824493732}, {"median_cv": 10.24, "block_pricing": ["{100: 49.99, 250: 49.99, 500: 69.99, 1: 89.99}", "{100: 19.99, 250: 19.99, 500: 39.99, 1: 59.99}", "{100: 19.99, 250: 29.99, 500: 49.99, 1: 69.99}", "{100: 49.99, 250: 59.99, 500: 79.99, 1: 99.99}", "{100: 49.99, 250: 89.99, 500: 99.99, 1: 119.99}"], "Lat": 33.6282475, "Long": -112.09377, "cv_normalized": 0.0824493732}, {"median_cv": 10.24, "block_pricing": ["{100: 19.99, 250: 29.99, 500: 49.99, 1: 69.99}", "{100: 49.99, 250: 59.99, 500: 79.99, 1: 99.99}", "{100: 49.99, 250: 49.99, 500: 69.99, 1: 89.99}", "{100: 19.99, 250: 19.99, 500: 39.99, 1: 59.99}"], "Lat": 33.635415, "Long": -112.082403, "cv_normalized": 0.0824493732}, {"median_cv": 10.24, "block_pricing": ["{100: 49.99, 250: 59.99, 500: 79.99, 1: 99.99}", "{100: 49.99, 250: 79.99, 500: 89.99, 1: 109.99}"], "Lat": 33.635008, "Long": -112.076508, "cv_normalized": 0.0824493732}, {"median_cv": 10.24, "block_pricing": ["{100: 49.99, 250: 89.99, 500: 99.99, 1: 119.99}", "{100: 49.99, 250: 59.99, 500: 79.99, 1: 99.99}", "{100: 19.99, 250: 29.99, 500: 49.99, 1: 69.99}"], "Lat": 33.620619, "Long": -112.091429, "cv_normalized": 0.0824493732}, {"median_cv": 10.24, "block_pricing": ["{100: 49.99, 250: 59.99, 500: 79.99, 1: 99.99}", "{100: 19.99, 250: 29.99, 500: 49.99, 1: 69.99}", "{100: 49.99, 250: 49.99, 500: 69.99, 1: 89.99}", "{100: 49.99, 250: 89.99, 500: 99.99, 1: 119.99}", "{100: 49.99, 250: 79.99, 500: 89.99, 1: 109.99}"], "Lat": 33.617222, "Long": -112.078161, "cv_normalized": 0.0824493732}, {"median_cv": 10.24, "block_pricing": ["{100: 49.99, 250: 59.99, 500: 79.99, 1: 99.99}", "{100: 49.99, 250: 49.99, 500: 69.99, 1: 89.99}"], "Lat": 33.6108155, "Long": -112.071141, "cv_normalized": 0.0824493732}, {"median_cv": 10.24, "block_pricing": ["{100: 19.99, 250: 19.99, 500: 39.99, 1: 59.99}", "{100: 49.99, 250: 59.99, 500: 79.99, 1: 99.99}", "{100: 49.99, 250: 49.99, 500: 69.99, 1: 89.99}"], "Lat": 33.621461, "Long": -112.068771, "cv_normalized": 0.0824493732}, {"median_cv": 10.24, "block_pricing": ["{100: 19.99, 250: 29.99, 500: 49.99, 1: 69.99}", "{100: 49.99, 250: 59.99, 500: 79.99, 1: 99.99}", "{100: 19.99, 250: 19.99, 500: 24.99, 1: 34.99}", "{100: 49.99, 250: 49.99, 500: 69.99, 1: 89.99}", "{100: 19.99, 250: 19.99, 500: 39.99, 1: 59.99}"], "Lat": 33.628621, "Long": -112.0365995, "cv_normalized": 0.0824493732}, {"median_cv": 10.24, "block_pricing": ["{100: 49.99, 250: 89.99, 500: 99.99, 1: 119.99}", "{100: 49.99, 250: 59.99, 500: 79.99, 1: 99.99}", "{100: 19.99, 250: 29.99, 500: 49.99, 1: 69.99}", "{100: 49.99, 250: 49.99, 500: 69.99, 1: 89.99}"], "Lat": 33.631481, "Long": -112.0441705, "cv_normalized": 0.0824493732}, {"median_cv": 10.24, "block_pricing": ["{100: 49.99, 250: 59.99, 500: 79.99, 1: 99.99}", "{100: 19.99, 250: 29.99, 500: 49.99, 1: 69.99}", "{100: 49.99, 250: 49.99, 500: 69.99, 1: 89.99}", "{100: 19.99, 250: 19.99, 500: 39.99, 1: 59.99}", "{100: 49.99, 250: 0, 500: 20, 1: 40}", "{100: 49.99, 250: 49.99, 500: 54.99, 1: 64.99}", "{100: 19.99, 250: 19.99, 500: 24.99, 1: 34.99}", "{100: 49.99, 250: 89.99, 500: 99.99, 1: 119.99}"], "Lat": 33.636723, "Long": -112.040165, "cv_normalized": 0.0824493732}, {"median_cv": 10.24, "block_pricing": ["{100: 19.99, 250: 29.99, 500: 49.99, 1: 69.99}", "{100: 49.99, 250: 59.99, 500: 79.99, 1: 99.99}", "{100: 49.99, 250: 89.99, 500: 99.99, 1: 119.99}", "{100: 49.99, 250: 49.99, 500: 69.99, 1: 89.99}"], "Lat": 33.622242, "Long": -112.03532, "cv_normalized": 0.0824493732}, {"median_cv": 10.24, "block_pricing": ["{100: 49.99, 250: 59.99, 500: 79.99, 1: 99.99}", "{100: 49.99, 250: 89.99, 500: 99.99, 1: 119.99}", "{100: 49.99, 250: 49.99, 500: 69.99, 1: 89.99}", "{100: 19.99, 250: 29.99, 500: 49.99, 1: 69.99}"], "Lat": 33.613829, "Long": -112.0395145, "cv_normalized": 0.0824493732}, {"median_cv": 10.24, "block_pricing": ["{100: 49.99, 250: 59.99, 500: 79.99, 1: 99.99}", "{100: 19.99, 250: 29.99, 500: 49.99, 1: 69.99}", "{100: 49.99, 250: 89.99, 500: 99.99, 1: 119.99}", "{100: 49.99, 250: 49.99, 500: 69.99, 1: 89.99}"], "Lat": 33.6141665, "Long": -112.0511245, "cv_normalized": 0.0824493732}, {"median_cv": 10.24, "block_pricing": ["{100: 49.99, 250: 59.99, 500: 79.99, 1: 99.99}", "{100: 49.99, 250: 49.99, 500: 69.99, 1: 89.99}", "{100: 19.99, 250: 29.99, 500: 49.99, 1: 69.99}"], "Lat": 33.619375, "Long": -112.0371335, "cv_normalized": 0.0824493732}, {"median_cv": 10.24, "block_pricing": ["{100: 49.99, 250: 59.99, 500: 79.99, 1: 99.99}", "{100: 19.99, 250: 29.99, 500: 49.99, 1: 69.99}", "{100: 19.99, 250: 19.99, 500: 39.99, 1: 59.99}", "{100: 49.99, 250: 89.99, 500: 99.99, 1: 119.99}", "{100: 49.99, 250: 49.99, 500: 69.99, 1: 89.99}", "{100: 49.99, 250: 49.99, 500: 54.99, 1: 64.99}"], "Lat": 33.629864, "Long": -112.106128, "cv_normalized": 0.0824493732}, {"median_cv": 10.24, "block_pricing": ["{100: 49.99, 250: 59.99, 500: 79.99, 1: 99.99}", "{100: 19.99, 250: 29.99, 500: 49.99, 1: 69.99}", "{100: 49.99, 250: 89.99, 500: 99.99, 1: 119.99}", "{100: 49.99, 250: 49.99, 500: 69.99, 1: 89.99}"], "Lat": 33.63026, "Long": -112.110774, "cv_normalized": 0.0824493732}, {"median_cv": 10.24, "block_pricing": ["{100: 49.99, 250: 59.99, 500: 79.99, 1: 99.99}", "{100: 49.99, 250: 49.99, 500: 69.99, 1: 89.99}", "{100: 19.99, 250: 29.99, 500: 49.99, 1: 69.99}", "{100: 19.99, 250: 19.99, 500: 39.99, 1: 59.99}"], "Lat": 33.6167795, "Long": -112.112128, "cv_normalized": 0.0824493732}, {"median_cv": 10.24, "block_pricing": ["{100: 49.99, 250: 59.99, 500: 79.99, 1: 99.99}", "{100: 49.99, 250: 89.99, 500: 99.99, 1: 119.99}", "{100: 19.99, 250: 29.99, 500: 49.99, 1: 69.99}"], "Lat": 33.619646, "Long": -112.110495, "cv_normalized": 0.0824493732}, {"median_cv": 10.24, "block_pricing": ["{100: 49.99, 250: 59.99, 500: 79.99, 1: 99.99}", "{100: 49.99, 250: 89.99, 500: 99.99, 1: 119.99}", "{100: 49.99, 250: 49.99, 500: 69.99, 1: 89.99}"], "Lat": 33.6339115, "Long": -112.054801, "cv_normalized": 0.0824493732}, {"median_cv": 10.24, "block_pricing": ["{100: 49.99, 250: 59.99, 500: 79.99, 1: 99.99}", "{100: 49.99, 250: 49.99, 500: 69.99, 1: 89.99}", "{100: 19.99, 250: 29.99, 500: 49.99, 1: 69.99}", "{100: 49.99, 250: 89.99, 500: 99.99, 1: 119.99}"], "Lat": 33.630795, "Long": -112.058885, "cv_normalized": 0.0824493732}, {"median_cv": 10.24, "block_pricing": ["{100: 49.99, 250: 59.99, 500: 79.99, 1: 99.99}", "{100: 49.99, 250: 49.99, 500: 69.99, 1: 89.99}", "{100: 49.99, 250: 89.99, 500: 99.99, 1: 119.99}", "{100: 19.99, 250: 19.99, 500: 39.99, 1: 59.99}", "{100: 19.99, 250: 29.99, 500: 49.99, 1: 69.99}", "{100: 49.99, 250: 87.49, 500: 97.49, 1: 117.49}", "{100: 49.99, 250: 49.99, 500: 54.99, 1: 64.99}"], "Lat": 33.618238, "Long": -112.059403, "cv_normalized": 0.0824493732}, {"median_cv": 10.24, "block_pricing": ["{100: 49.99, 250: 59.99, 500: 79.99, 1: 99.99}", "{100: 49.99, 250: 49.99, 500: 69.99, 1: 89.99}", "{100: 49.99, 250: 89.99, 500: 99.99, 1: 119.99}", "{100: 19.99, 250: 29.99, 500: 49.99, 1: 69.99}"], "Lat": 33.628312, "Long": -112.070618, "cv_normalized": 0.0824493732}, {"median_cv": 10.24, "block_pricing": ["{100: 49.99, 250: 59.99, 500: 79.99, 1: 99.99}", "{100: 49.99, 250: 49.99, 500: 69.99, 1: 89.99}", "{100: 19.99, 250: 29.99, 500: 49.99, 1: 69.99}", "{100: 49.99, 250: 89.99, 500: 99.99, 1: 119.99}"], "Lat": 33.630094, "Long": -112.079953, "cv_normalized": 0.0824493732}, {"median_cv": 10.24, "block_pricing": ["{100: 49.99, 250: 59.99, 500: 79.99, 1: 99.99}"], "Lat": 33.632891, "Long": -112.070528, "cv_normalized": 0.0824493732}, {"median_cv": 10.24, "block_pricing": ["{100: 49.99, 250: 59.99, 500: 79.99, 1: 99.99}", "{100: 19.99, 250: 29.99, 500: 49.99, 1: 69.99}", "{100: 49.99, 250: 82.49, 500: 92.49, 1: 112.49}", "{100: 49.99, 250: 49.99, 500: 69.99, 1: 89.99}", "{100: 19.99, 250: 19.99, 500: 39.99, 1: 59.99}"], "Lat": 33.6057475, "Long": -112.093184, "cv_normalized": 0.0824493732}, {"median_cv": 10.24, "block_pricing": ["{100: 49.99, 250: 59.99, 500: 79.99, 1: 99.99}", "{100: 49.99, 250: 49.99, 500: 69.99, 1: 89.99}", "{100: 19.99, 250: 29.99, 500: 49.99, 1: 69.99}", "{100: 19.99, 250: 19.99, 500: 39.99, 1: 59.99}"], "Lat": 33.606275, "Long": -112.072933, "cv_normalized": 0.0824493732}, {"median_cv": 10.24, "block_pricing": ["{100: 49.99, 250: 59.99, 500: 79.99, 1: 99.99}", "{100: 19.99, 250: 29.99, 500: 49.99, 1: 69.99}", "{100: 19.99, 250: 19.99, 500: 39.99, 1: 59.99}", "{100: 49.99, 250: 49.99, 500: 69.99, 1: 89.99}", "{100: 49.99, 250: 89.99, 500: 99.99, 1: 119.99}"], "Lat": 33.583819, "Long": -112.086506, "cv_normalized": 0.0824493732}, {"median_cv": 10.24, "block_pricing": ["{100: 19.99, 250: 29.99, 500: 49.99, 1: 69.99}", "{100: 49.99, 250: 59.99, 500: 79.99, 1: 99.99}", "{100: 19.99, 250: 19.99, 500: 39.99, 1: 59.99}"], "Lat": 33.588178, "Long": -112.096767, "cv_normalized": 0.0824493732}, {"median_cv": 14.63, "block_pricing": ["{100: 19.99, 250: 19.99, 500: 39.99, 1: 59.99}", "{100: 49.99, 250: 49.99, 500: 69.99, 1: 89.99}", "{100: 19.99, 250: 29.99, 500: 49.99, 1: 69.99}", "{100: 49.99, 250: 62.49, 500: 72.49, 1: 92.49}", "{100: 49.99, 250: 89.99, 500: 99.99, 1: 119.99}", "{100: 49.99, 250: 59.99, 500: 79.99, 1: 99.99}"], "Lat": 33.583638, "Long": -112.096286, "cv_normalized": 0.2941176471}, {"median_cv": 10.24, "block_pricing": ["{100: 49.99, 250: 49.99, 500: 69.99, 1: 89.99}", "{100: 49.99, 250: 59.99, 500: 79.99, 1: 99.99}", "{100: 49.99, 250: 49.99, 500: 54.99, 1: 64.99}", "{100: 19.99, 250: 19.99, 500: 24.99, 1: 34.99}", "{100: 49.99, 250: 89.99, 500: 99.99, 1: 119.99}"], "Lat": 33.6021405, "Long": -112.0412925, "cv_normalized": 0.0824493732}, {"median_cv": 10.24, "block_pricing": ["{100: 49.99, 250: 59.99, 500: 79.99, 1: 99.99}", "{100: 49.99, 250: 49.99, 500: 69.99, 1: 89.99}", "{100: 19.99, 250: 29.99, 500: 49.99, 1: 69.99}", "{100: 49.99, 250: 89.99, 500: 99.99, 1: 119.99}", "{100: 49.99, 250: 52.99, 500: 62.99, 1: 82.99}", "{100: 49.99, 250: 49.99, 500: 54.99, 1: 64.99}"], "Lat": 33.609134, "Long": -112.055117, "cv_normalized": 0.0824493732}, {"median_cv": 15.76, "block_pricing": ["{100: 49.99, 250: 89.99, 500: 99.99, 1: 119.99}", "{100: 49.99, 250: 49.99, 500: 54.99, 1: 64.99}", "{100: 19.99, 250: 19.99, 500: 24.99, 1: 34.99}", "{100: 49.99, 250: 59.99, 500: 79.99, 1: 99.99}", "{100: 49.99, 250: 49.99, 500: 69.99, 1: 89.99}"], "Lat": 33.6064975, "Long": -112.0413305, "cv_normalized": 0.3486017358}, {"median_cv": 10.24, "block_pricing": ["{100: 49.99, 250: 59.99, 500: 79.99, 1: 99.99}", "{100: 49.99, 250: 49.99, 500: 69.99, 1: 89.99}", "{100: 19.99, 250: 29.99, 500: 49.99, 1: 69.99}"], "Lat": 33.590026, "Long": -112.051307, "cv_normalized": 0.0824493732}, {"median_cv": 10.24, "block_pricing": ["{100: 49.99, 250: 59.99, 500: 79.99, 1: 99.99}", "{100: 49.99, 250: 49.99, 500: 69.99, 1: 89.99}", "{100: 19.99, 250: 29.99, 500: 49.99, 1: 69.99}"], "Lat": 33.583221, "Long": -112.056732, "cv_normalized": 0.0824493732}, {"median_cv": 10.24, "block_pricing": ["{100: 49.99, 250: 49.99, 500: 54.99, 1: 64.99}", "{100: 49.99, 250: 59.99, 500: 79.99, 1: 99.99}", "{100: 49.99, 250: 49.99, 500: 69.99, 1: 89.99}"], "Lat": 33.591301, "Long": -112.055517, "cv_normalized": 0.0824493732}, {"median_cv": 10.24, "block_pricing": ["{100: 49.99, 250: 49.99, 500: 69.99, 1: 89.99}", "{100: 49.99, 250: 59.99, 500: 79.99, 1: 99.99}", "{100: 19.99, 250: 29.99, 500: 49.99, 1: 69.99}", "{100: 49.99, 250: 89.99, 500: 99.99, 1: 119.99}"], "Lat": 33.60787, "Long": -112.1046575, "cv_normalized": 0.0824493732}, {"median_cv": 10.24, "block_pricing": ["{100: 49.99, 250: 89.99, 500: 99.99, 1: 119.99}", "{100: 19.99, 250: 29.99, 500: 49.99, 1: 69.99}", "{100: 49.99, 250: 59.99, 500: 79.99, 1: 99.99}", "{100: 49.99, 250: 79.99, 500: 89.99, 1: 109.99}"], "Lat": 33.598763, "Long": -112.107658, "cv_normalized": 0.0824493732}, {"median_cv": 11.38, "block_pricing": ["{100: 49.99, 250: 59.99, 500: 79.99, 1: 99.99}", "{100: 19.99, 250: 29.99, 500: 49.99, 1: 69.99}", "{100: 19.99, 250: 19.99, 500: 39.99, 1: 59.99}", "{100: 49.99, 250: 49.99, 500: 69.99, 1: 89.99}", "{100: 49.99, 250: 89.99, 500: 99.99, 1: 119.99}"], "Lat": 33.60195, "Long": -112.104941, "cv_normalized": 0.137415622}, {"median_cv": 10.24, "block_pricing": ["{100: 49.99, 250: 59.99, 500: 79.99, 1: 99.99}", "{100: 49.99, 250: 49.99, 500: 69.99, 1: 89.99}", "{100: 19.99, 250: 29.99, 500: 49.99, 1: 69.99}", "{100: 49.99, 250: 89.99, 500: 99.99, 1: 119.99}", "{100: 19.99, 250: 19.99, 500: 39.99, 1: 59.99}"], "Lat": 33.605588, "Long": -112.113756, "cv_normalized": 0.0824493732}, {"median_cv": 14.63, "block_pricing": ["{100: 49.99, 250: 59.99, 500: 79.99, 1: 99.99}", "{100: 49.99, 250: 49.99, 500: 69.99, 1: 89.99}", "{100: 19.99, 250: 29.99, 500: 49.99, 1: 69.99}", "{100: 19.99, 250: 19.99, 500: 24.99, 1: 34.99}", "{100: 49.99, 250: 49.99, 500: 54.99, 1: 64.99}"], "Lat": 33.600227, "Long": -112.122975, "cv_normalized": 0.2941176471}, {"median_cv": 11.38, "block_pricing": ["{100: 49.99, 250: 49.99, 500: 54.99, 1: 64.99}", "{100: 19.99, 250: 19.99, 500: 39.99, 1: 59.99}", "{100: 19.99, 250: 29.99, 500: 49.99, 1: 69.99}", "{100: 49.99, 250: 59.99, 500: 79.99, 1: 99.99}", "{100: 49.99, 250: 49.99, 500: 69.99, 1: 89.99}"], "Lat": 33.599847, "Long": -112.1307085, "cv_normalized": 0.137415622}, {"median_cv": 10.24, "block_pricing": ["{100: 49.99, 250: 59.99, 500: 79.99, 1: 99.99}", "{100: 19.99, 250: 29.99, 500: 49.99, 1: 69.99}", "{100: 49.99, 250: 79.99, 500: 89.99, 1: 109.99}"], "Lat": 33.606747, "Long": -112.1282075, "cv_normalized": 0.0824493732}, {"median_cv": 10.24, "block_pricing": ["{100: 19.99, 250: 29.99, 500: 49.99, 1: 69.99}", "{100: 49.99, 250: 59.99, 500: 79.99, 1: 99.99}", "{100: 19.99, 250: 19.99, 500: 39.99, 1: 59.99}", "{100: 49.99, 250: 49.99, 500: 69.99, 1: 89.99}"], "Lat": 33.621991, "Long": -112.121445, "cv_normalized": 0.0824493732}, {"median_cv": 10.24, "block_pricing": ["{100: 19.99, 250: 29.99, 500: 49.99, 1: 69.99}", "{100: 49.99, 250: 59.99, 500: 79.99, 1: 99.99}", "{100: 49.99, 250: 49.99, 500: 69.99, 1: 89.99}"], "Lat": 33.615206, "Long": -112.123182, "cv_normalized": 0.0824493732}, {"median_cv": 10.24, "block_pricing": ["{100: 19.99, 250: 29.99, 500: 49.99, 1: 69.99}", "{100: 49.99, 250: 59.99, 500: 79.99, 1: 99.99}", "{100: 49.99, 250: 49.99, 500: 69.99, 1: 89.99}"], "Lat": 33.614717, "Long": -112.13016, "cv_normalized": 0.0824493732}, {"median_cv": 10.24, "block_pricing": ["{100: 49.99, 250: 49.99, 500: 54.99, 1: 64.99}", "{100: 19.99, 250: 19.99, 500: 24.99, 1: 34.99}", "{100: 49.99, 250: 59.99, 500: 79.99, 1: 99.99}", "{100: 49.99, 250: 49.99, 500: 69.99, 1: 89.99}", "{100: 19.99, 250: 29.99, 500: 49.99, 1: 69.99}", "{100: 19.99, 250: 19.99, 500: 39.99, 1: 59.99}"], "Lat": 33.622027, "Long": -112.127506, "cv_normalized": 0.0824493732}, {"median_cv": 10.24, "block_pricing": ["{100: 49.99, 250: 59.99, 500: 79.99, 1: 99.99}", "{100: 49.99, 250: 49.99, 500: 69.99, 1: 89.99}", "{100: 19.99, 250: 29.99, 500: 49.99, 1: 69.99}"], "Lat": 33.614697, "Long": -112.137893, "cv_normalized": 0.0824493732}, {"median_cv": 10.24, "block_pricing": ["{100: 19.99, 250: 29.99, 500: 49.99, 1: 69.99}", "{100: 49.99, 250: 59.99, 500: 79.99, 1: 99.99}", "{100: 49.99, 250: 49.99, 500: 69.99, 1: 89.99}", "{100: 19.99, 250: 19.99, 500: 39.99, 1: 59.99}", "{100: 49.99, 250: 89.99, 500: 99.99, 1: 119.99}"], "Lat": 33.621337, "Long": -112.136898, "cv_normalized": 0.0824493732}, {"median_cv": 10.24, "block_pricing": ["{100: 49.99, 250: 89.99, 500: 99.99, 1: 119.99}", "{100: 49.99, 250: 59.99, 500: 79.99, 1: 99.99}", "{100: 49.99, 250: 49.99, 500: 69.99, 1: 89.99}", "{100: 19.99, 250: 29.99, 500: 49.99, 1: 69.99}", "{100: 19.99, 250: 19.99, 500: 39.99, 1: 59.99}"], "Lat": 33.613238, "Long": -112.147606, "cv_normalized": 0.0824493732}, {"median_cv": 10.24, "block_pricing": ["{100: 49.99, 250: 59.99, 500: 79.99, 1: 99.99}", "{100: 19.99, 250: 19.99, 500: 39.99, 1: 59.99}", "{100: 49.99, 250: 49.99, 500: 69.99, 1: 89.99}"], "Lat": 33.5902495, "Long": -112.1377165, "cv_normalized": 0.0824493732}, {"median_cv": 10.24, "block_pricing": ["{100: 49.99, 250: 59.99, 500: 79.99, 1: 99.99}", "{100: 19.99, 250: 29.99, 500: 49.99, 1: 69.99}", "{100: 49.99, 250: 49.99, 500: 69.99, 1: 89.99}"], "Lat": 33.584953, "Long": -112.138626, "cv_normalized": 0.0824493732}, {"median_cv": 10.24, "block_pricing": ["{100: 49.99, 250: 59.99, 500: 79.99, 1: 99.99}"], "Lat": 33.583988, "Long": -112.149219, "cv_normalized": 0.0824493732}, {"median_cv": 10.24, "block_pricing": ["{100: 49.99, 250: 59.99, 500: 79.99, 1: 99.99}", "{100: 19.99, 250: 29.99, 500: 49.99, 1: 69.99}"], "Lat": 33.586046, "Long": -112.144668, "cv_normalized": 0.0824493732}, {"median_cv": 10.24, "block_pricing": ["{100: 49.99, 250: 49.99, 500: 69.99, 1: 89.99}", "{100: 49.99, 250: 59.99, 500: 79.99, 1: 99.99}", "{100: 49.99, 250: 89.99, 500: 99.99, 1: 119.99}", "{100: 19.99, 250: 29.99, 500: 49.99, 1: 69.99}", "{100: 19.99, 250: 19.99, 500: 39.99, 1: 59.99}"], "Lat": 33.592392, "Long": -112.14794, "cv_normalized": 0.0824493732}, {"median_cv": 10.24, "block_pricing": ["{100: 49.99, 250: 59.99, 500: 79.99, 1: 99.99}", "{100: 49.99, 250: 49.99, 500: 69.99, 1: 89.99}", "{100: 49.99, 250: 89.99, 500: 99.99, 1: 119.99}"], "Lat": 33.5795865, "Long": -112.140029, "cv_normalized": 0.0824493732}, {"median_cv": 8.53, "block_pricing": ["{100: 49.99, 250: 89.99, 500: 99.99, 1: 119.99}"], "Lat": 33.579455, "Long": -112.127536, "cv_normalized": 0.0}, {"median_cv": 10.24, "block_pricing": ["{100: 49.99, 250: 59.99, 500: 79.99, 1: 99.99}", "{100: 49.99, 250: 49.99, 500: 69.99, 1: 89.99}"], "Lat": 33.575873, "Long": -112.13383, "cv_normalized": 0.0824493732}, {"median_cv": 10.24, "block_pricing": ["{100: 49.99, 250: 59.99, 500: 79.99, 1: 99.99}", "{100: 49.99, 250: 89.99, 500: 99.99, 1: 119.99}", "{100: 49.99, 250: 49.99, 500: 69.99, 1: 89.99}"], "Lat": 33.57513, "Long": -112.129425, "cv_normalized": 0.0824493732}, {"median_cv": 10.24, "block_pricing": ["{100: 49.99, 250: 89.99, 500: 99.99, 1: 119.99}", "{100: 49.99, 250: 59.99, 500: 79.99, 1: 99.99}", "{100: 19.99, 250: 29.99, 500: 49.99, 1: 69.99}", "{100: 49.99, 250: 82.49, 500: 92.49, 1: 112.49}", "{100: 19.99, 250: 19.99, 500: 39.99, 1: 59.99}"], "Lat": 33.575626, "Long": -112.146685, "cv_normalized": 0.0824493732}, {"median_cv": 10.24, "block_pricing": ["{100: 49.99, 250: 59.99, 500: 79.99, 1: 99.99}", "{100: 49.99, 250: 49.99, 500: 69.99, 1: 89.99}", "{100: 19.99, 250: 29.99, 500: 49.99, 1: 69.99}"], "Lat": 33.570302, "Long": -112.139805, "cv_normalized": 0.0824493732}, {"median_cv": 10.24, "block_pricing": ["{100: 49.99, 250: 59.99, 500: 79.99, 1: 99.99}", "{100: 19.99, 250: 19.99, 500: 39.99, 1: 59.99}", "{100: 19.99, 250: 29.99, 500: 49.99, 1: 69.99}", "{100: 49.99, 250: 89.99, 500: 99.99, 1: 119.99}", "{100: 49.99, 250: 49.99, 500: 69.99, 1: 89.99}"], "Lat": 33.570897, "Long": -112.1472845, "cv_normalized": 0.0824493732}, {"median_cv": 10.24, "block_pricing": ["{100: 49.99, 250: 59.99, 500: 79.99, 1: 99.99}", "{100: 49.99, 250: 49.99, 500: 69.99, 1: 89.99}", "{100: 19.99, 250: 29.99, 500: 49.99, 1: 69.99}", "{100: 19.99, 250: 19.99, 500: 39.99, 1: 59.99}"], "Lat": 33.636396, "Long": -112.125638, "cv_normalized": 0.0824493732}, {"median_cv": 10.24, "block_pricing": ["{100: 49.99, 250: 49.99, 500: 69.99, 1: 89.99}", "{100: 49.99, 250: 59.99, 500: 79.99, 1: 99.99}", "{100: 19.99, 250: 29.99, 500: 49.99, 1: 69.99}", "{100: 49.99, 250: 89.99, 500: 99.99, 1: 119.99}"], "Lat": 33.630714, "Long": -112.12437, "cv_normalized": 0.0824493732}, {"median_cv": 8.53, "block_pricing": ["{100: 49.99, 250: 89.99, 500: 99.99, 1: 119.99}"], "Lat": 33.626301, "Long": -112.1299375, "cv_normalized": 0.0}, {"median_cv": 10.81, "block_pricing": ["{100: 49.99, 250: 59.99, 500: 79.99, 1: 99.99}", "{100: 49.99, 250: 49.99, 500: 69.99, 1: 89.99}"], "Lat": 33.6093225, "Long": -112.1466825, "cv_normalized": 0.1099324976}, {"median_cv": 10.24, "block_pricing": ["{100: 49.99, 250: 59.99, 500: 79.99, 1: 99.99}", "{100: 19.99, 250: 19.99, 500: 39.99, 1: 59.99}", "{100: 19.99, 250: 29.99, 500: 49.99, 1: 69.99}", "{100: 49.99, 250: 49.99, 500: 69.99, 1: 89.99}"], "Lat": 33.5998445, "Long": -112.137808, "cv_normalized": 0.0824493732}, {"median_cv": 10.24, "block_pricing": ["{100: 49.99, 250: 49.99, 500: 69.99, 1: 89.99}", "{100: 49.99, 250: 59.99, 500: 79.99, 1: 99.99}", "{100: 19.99, 250: 29.99, 500: 49.99, 1: 69.99}", "{100: 49.99, 250: 89.99, 500: 99.99, 1: 119.99}", "{100: 19.99, 250: 19.99, 500: 39.99, 1: 59.99}"], "Lat": 33.600408, "Long": -112.1475245, "cv_normalized": 0.0824493732}, {"median_cv": 10.24, "block_pricing": ["{100: 49.99, 250: 49.99, 500: 69.99, 1: 89.99}", "{100: 49.99, 250: 59.99, 500: 79.99, 1: 99.99}", "{100: 19.99, 250: 29.99, 500: 49.99, 1: 69.99}", "{100: 19.99, 250: 19.99, 500: 39.99, 1: 59.99}", "{100: 49.99, 250: 89.99, 500: 99.99, 1: 119.99}"], "Lat": 33.6071365, "Long": -112.1416815, "cv_normalized": 0.0824493732}, {"median_cv": 10.24, "block_pricing": ["{100: 49.99, 250: 59.99, 500: 79.99, 1: 99.99}"], "Lat": 33.6357315, "Long": -112.1457375, "cv_normalized": 0.0824493732}, {"median_cv": 10.24, "block_pricing": ["{100: 49.99, 250: 59.99, 500: 79.99, 1: 99.99}", "{100: 19.99, 250: 29.99, 500: 49.99, 1: 69.99}", "{100: 49.99, 250: 49.99, 500: 69.99, 1: 89.99}", "{100: 49.99, 250: 89.99, 500: 99.99, 1: 119.99}"], "Lat": 33.635677, "Long": -112.1390405, "cv_normalized": 0.0824493732}, {"median_cv": 12.435, "block_pricing": ["{100: 49.99, 250: 59.99, 500: 79.99, 1: 99.99}", "{100: 19.99, 250: 29.99, 500: 49.99, 1: 69.99}"], "Lat": 33.629197, "Long": -112.1373, "cv_normalized": 0.1882835101}, {"median_cv": 10.24, "block_pricing": ["{100: 49.99, 250: 59.99, 500: 79.99, 1: 99.99}", "{100: 49.99, 250: 49.99, 500: 69.99, 1: 89.99}", "{100: 19.99, 250: 29.99, 500: 49.99, 1: 69.99}", "{100: 49.99, 250: 89.99, 500: 99.99, 1: 119.99}"], "Lat": 33.6309185, "Long": -112.1416285, "cv_normalized": 0.0824493732}, {"median_cv": 10.24, "block_pricing": ["{100: 19.99, 250: 29.99, 500: 49.99, 1: 69.99}", "{100: 49.99, 250: 59.99, 500: 79.99, 1: 99.99}", "{100: 49.99, 250: 49.99, 500: 69.99, 1: 89.99}"], "Lat": 33.592831, "Long": -112.129169, "cv_normalized": 0.0824493732}, {"median_cv": 10.24, "block_pricing": ["{100: 19.99, 250: 29.99, 500: 49.99, 1: 69.99}", "{100: 49.99, 250: 49.99, 500: 69.99, 1: 89.99}", "{100: 49.99, 250: 59.99, 500: 79.99, 1: 99.99}", "{100: 49.99, 250: 89.99, 500: 99.99, 1: 119.99}"], "Lat": 33.586169, "Long": -112.127363, "cv_normalized": 0.0824493732}, {"median_cv": 10.24, "block_pricing": ["{100: 49.99, 250: 59.99, 500: 79.99, 1: 99.99}", "{100: 49.99, 250: 49.99, 500: 69.99, 1: 89.99}"], "Lat": 33.586204, "Long": -112.120581, "cv_normalized": 0.0824493732}, {"median_cv": 10.24, "block_pricing": ["{100: 49.99, 250: 59.99, 500: 79.99, 1: 99.99}", "{100: 49.99, 250: 89.99, 500: 99.99, 1: 119.99}", "{100: 49.99, 250: 49.99, 500: 69.99, 1: 89.99}", "{100: 19.99, 250: 29.99, 500: 49.99, 1: 69.99}"], "Lat": 33.5921585, "Long": -112.1222795, "cv_normalized": 0.0824493732}, {"median_cv": 11.38, "block_pricing": ["{100: 19.99, 250: 29.99, 500: 49.99, 1: 69.99}", "{100: 49.99, 250: 49.99, 500: 69.99, 1: 89.99}", "{100: 49.99, 250: 59.99, 500: 79.99, 1: 99.99}", "{100: 19.99, 250: 19.99, 500: 39.99, 1: 59.99}", "{100: 49.99, 250: 89.99, 500: 99.99, 1: 119.99}"], "Lat": 33.591839, "Long": -112.107356, "cv_normalized": 0.137415622}, {"median_cv": 10.24, "block_pricing": ["{100: 49.99, 250: 59.99, 500: 79.99, 1: 99.99}", "{100: 49.99, 250: 89.99, 500: 99.99, 1: 119.99}"], "Lat": 33.59259, "Long": -112.112218, "cv_normalized": 0.0824493732}, {"median_cv": 8.53, "block_pricing": ["{100: 49.99, 250: 89.99, 500: 99.99, 1: 119.99}"], "Lat": 33.595303, "Long": -112.103411, "cv_normalized": 0.0}, {"median_cv": 15.76, "block_pricing": ["{100: 19.99, 250: 19.