[{"median_cv": 12.8, "block_pricing": ["{100: 49.99, 250: 49.99, 500: 59.99, 1: 79.99}", "{100: 19.99, 250: 19.99, 500: 29.99, 1: 49.99}", "{100: 49.99, 250: 89.99, 500: 99.99, 1: 119.99}"], "Lat": 36.88044295, "Long": -76.1829998, "cv_normalized": 0.5844155844}, {"median_cv": 20.48, "block_pricing": ["{100: 19.99, 250: 19.99, 500: 29.99, 1: 49.99}", "{100: 49.99, 250: 49.99, 500: 59.99, 1: 79.99}"], "Lat": 36.8610748, "Long": -76.1826156, "cv_normalized": 1.0}, {"median_cv": 20.48, "block_pricing": ["{100: 19.99, 250: 19.99, 500: 29.99, 1: 49.99}", "{100: 49.99, 250: 89.99, 500: 99.99, 1: 119.99}", "{100: 49.99, 250: 49.99, 500: 59.99, 1: 79.99}"], "Lat": 36.8620354, "Long": -76.1790951, "cv_normalized": 1.0}, {"median_cv": 12.8, "block_pricing": ["{100: 49.99, 250: 0, 500: 20, 1: 40}", "{100: 49.99, 250: 49.99, 500: 59.99, 1: 79.99}", "{100: 19.99, 250: 19.99, 500: 29.99, 1: 49.99}", "{100: 49.99, 250: 89.99, 500: 99.99, 1: 119.99}", "{100: 49.99, 250: 62.49, 500: 72.49, 1: 92.49}", "{100: 19.99, 250: 0, 500: 0, 1: 10}", "{100: 49.99, 250: 72.49, 500: 82.49, 1: 102.49}"], "Lat": 36.8668977, "Long": -76.1671781, "cv_normalized": 0.5844155844}, {"median_cv": 12.8, "block_pricing": ["{100: 19.99, 250: 19.99, 500: 29.99, 1: 49.99}", "{100: 49.99, 250: 89.99, 500: 99.99, 1: 119.99}", "{100: 49.99, 250: 49.99, 500: 59.99, 1: 79.99}"], "Lat": 36.8651281, "Long": -76.1747249, "cv_normalized": 0.5844155844}, {"median_cv": 12.8, "block_pricing": ["{100: 49.99, 250: 49.99, 500: 59.99, 1: 79.99}", "{100: 19.99, 250: 19.99, 500: 29.99, 1: 49.99}", "{100: 49.99, 250: 62.49, 500: 72.49, 1: 92.49}"], "Lat": 36.8676214, "Long": -76.17453, "cv_normalized": 0.5844155844}, {"median_cv": 12.8, "block_pricing": ["{100: 49.99, 250: 49.99, 500: 59.99, 1: 79.99}", "{100: 19.99, 250: 19.99, 500: 29.99, 1: 49.99}"], "Lat": 36.8696494, "Long": -76.1780438, "cv_normalized": 0.5844155844}, {"median_cv": 12.8, "block_pricing": ["{100: 19.99, 250: 19.99, 500: 29.99, 1: 49.99}", "{100: 49.99, 250: 49.99, 500: 59.99, 1: 79.99}", "{100: 49.99, 250: 89.99, 500: 99.99, 1: 119.99}"], "Lat": 36.9059283, "Long": -76.171268, "cv_normalized": 0.5844155844}, {"median_cv": 12.8, "block_pricing": ["{100: 19.99, 250: 19.99, 500: 29.99, 1: 49.99}", "{100: 49.99, 250: 49.99, 500: 59.99, 1: 79.99}", "{100: 49.99, 250: 89.99, 500: 99.99, 1: 119.99}"], "Lat": 36.8991146, "Long": -76.172225, "cv_normalized": 0.5844155844}, {"median_cv": 12.8, "block_pricing": ["{100: 49.99, 250: 49.99, 500: 59.99, 1: 79.99}", "{100: 49.99, 250: 89.99, 500: 99.99, 1: 119.99, 2: 149.99}", "{100: 19.99, 250: 19.99, 500: 29.99, 1: 49.99}"], "Lat": 36.897529, "Long": -76.1753567, "cv_normalized": 0.5844155844}, {"median_cv": 12.8, "block_pricing": ["{100: 49.99, 250: 49.99, 500: 59.99, 1: 79.99}", "{100: 49.99, 250: 89.99, 500: 99.99, 1: 119.99}", "{100: 19.99, 250: 19.99, 500: 29.99, 1: 49.99}"], "Lat": 36.8750345, "Long": -76.16018125, "cv_normalized": 0.5844155844}, {"median_cv": 12.8, "block_pricing": ["{100: 49.99, 250: 49.99, 500: 59.99, 1: 79.99}", "{100: 49.99, 250: 89.99, 500: 99.99, 1: 119.99}", "{100: 19.99, 250: 19.99, 500: 29.99, 1: 49.99}"], "Lat": 36.8813397, "Long": -76.1739415, "cv_normalized": 0.5844155844}, {"median_cv": 12.8, "block_pricing": ["{100: 49.99, 250: 49.99, 500: 59.99, 1: 79.99}", "{100: 49.99, 250: 89.99, 500: 99.99, 1: 119.99}", "{100: 19.99, 250: 19.99, 500: 29.99, 1: 49.99}"], "Lat": 36.8783382, "Long": -76.17888375, "cv_normalized": 0.5844155844}, {"median_cv": 12.8, "block_pricing": ["{100: 49.99, 250: 49.99, 500: 59.99, 1: 79.99}", "{100: 49.99, 250: 89.99, 500: 99.99, 1: 119.99}"], "Lat": 36.8815336, "Long": -76.1782838, "cv_normalized": 0.5844155844}, {"median_cv": 12.8, "block_pricing": ["{100: 49.99, 250: 49.99, 500: 59.99, 1: 79.99}", "{100: 19.99, 250: 19.99, 500: 29.99, 1: 49.99}", "{100: 49.99, 250: 0, 500: 20, 1: 40}", "{100: 49.99, 250: 89.99, 500: 99.99, 1: 119.99}"], "Lat": 36.85691735, "Long": -76.17160075, "cv_normalized": 0.5844155844}, {"median_cv": 12.8, "block_pricing": ["{100: 49.99, 250: 89.99, 500: 99.99, 1: 119.99}", "{100: 19.99, 250: 19.99, 500: 29.99, 1: 49.99}", "{100: 49.99, 250: 49.99, 500: 59.99, 1: 79.99}", "{100: 49.99, 250: 0, 500: 20, 1: 40}"], "Lat": 36.8524145, "Long": -76.1617013, "cv_normalized": 0.5844155844}, {"median_cv": 12.8, "block_pricing": ["{100: 19.99, 250: 19.99, 500: 29.99, 1: 49.99}", "{100: 49.99, 250: 49.99, 500: 59.99, 1: 79.99}"], "Lat": 36.8490767, "Long": -76.1678906, "cv_normalized": 0.5844155844}, {"median_cv": 2.0, "block_pricing": ["{100: 19.99, 250: 0, 500: 0, 1: 10}", "{100: 49.99, 250: 0, 500: 20, 1: 40}", "{100: 49.99, 250: 89.99, 500: 99.99, 1: 119.99}"], "Lat": 36.86760935, "Long": -76.13457325, "cv_normalized": 0.0}, {"median_cv": 12.8, "block_pricing": ["{100: 49.99, 250: 49.99, 500: 59.99, 1: 79.99}", "{100: 19.99, 250: 19.99, 500: 29.99, 1: 49.99}"], "Lat": 36.8699626, "Long": -76.1390548, "cv_normalized": 0.5844155844}, {"median_cv": 12.8, "block_pricing": ["{100: 49.99, 250: 49.99, 500: 59.99, 1: 79.99}", "{100: 19.99, 250: 19.99, 500: 29.99, 1: 49.99}"], "Lat": 36.86732625, "Long": -76.14287105, "cv_normalized": 0.5844155844}, {"median_cv": 12.8, "block_pricing": ["{100: 19.99, 250: 19.99, 500: 29.99, 1: 49.99}", "{100: 49.99, 250: 49.99, 500: 59.99, 1: 79.99}", "{100: 49.99, 250: 89.99, 500: 99.99, 1: 119.99}"], "Lat": 36.8610581, "Long": -76.1431045, "cv_normalized": 0.5844155844}, {"median_cv": 12.8, "block_pricing": ["{100: 49.99, 250: 49.99, 500: 59.99, 1: 79.99}", "{100: 19.99, 250: 19.99, 500: 29.99, 1: 49.99}"], "Lat": 36.8665666, "Long": -76.1481479, "cv_normalized": 0.5844155844}, {"median_cv": 20.48, "block_pricing": ["{100: 49.99, 250: 49.99, 500: 59.99, 1: 79.99}", "{100: 19.99, 250: 19.99, 500: 29.99, 1: 49.99}"], "Lat": 36.8624275, "Long": -76.1523006, "cv_normalized": 1.0}, {"median_cv": 12.8, "block_pricing": ["{100: 49.99, 250: 49.99, 500: 59.99, 1: 79.99}", "{100: 19.99, 250: 19.99, 500: 29.99, 1: 49.99}", "{100: 49.99, 250: 89.99, 500: 99.99, 1: 119.99}"], "Lat": 36.8592145, "Long": -76.1626121, "cv_normalized": 0.5844155844}, {"median_cv": 12.8, "block_pricing": ["{100: 49.99, 250: 89.99, 500: 99.99, 1: 119.99}", "{100: 19.99, 250: 19.99, 500: 29.99, 1: 49.99}", "{100: 49.99, 250: 49.99, 500: 59.99, 1: 79.99}"], "Lat": 36.8597017, "Long": -76.1532611, "cv_normalized": 0.5844155844}, {"median_cv": 12.8, "block_pricing": ["{100: 49.99, 250: 49.99, 500: 59.99, 1: 79.99}", "{100: 19.99, 250: 19.99, 500: 29.99, 1: 49.99}"], "Lat": 36.8386181, "Long": -76.1404748, "cv_normalized": 0.5844155844}, {"median_cv": 12.8, "block_pricing": ["{100: 49.99, 250: 49.99, 500: 59.99, 1: 79.99}", "{100: 19.99, 250: 19.99, 500: 29.99, 1: 49.99}", "{100: 49.99, 250: 89.99, 500: 99.99, 1: 119.99}"], "Lat": 36.8378061, "Long": -76.1509198, "cv_normalized": 0.5844155844}, {"median_cv": 20.48, "block_pricing": ["{100: 49.99, 250: 49.99, 500: 59.99, 1: 79.99}", "{100: 19.99, 250: 19.99, 500: 29.99, 1: 49.99}", "{100: 49.99, 250: 89.99, 500: 99.99, 1: 119.99}"], "Lat": 36.85460295, "Long": -76.14228345, "cv_normalized": 1.0}, {"median_cv": 12.8, "block_pricing": ["{100: 49.99, 250: 49.99, 500: 59.99, 1: 79.99}", "{100: 19.99, 250: 19.99, 500: 29.99, 1: 49.99}"], "Lat": 36.859601, "Long": -76.1394676, "cv_normalized": 0.5844155844}, {"median_cv": 12.8, "block_pricing": ["{100: 49.99, 250: 49.99, 500: 59.99, 1: 79.99}", "{100: 19.99, 250: 19.99, 500: 29.99, 1: 49.99}", "{100: 49.99, 250: 62.49, 500: 72.49, 1: 92.49}"], "Lat": 36.8522248, "Long": -76.1308797, "cv_normalized": 0.5844155844}, {"median_cv": 12.8, "block_pricing": ["{100: 49.99, 250: 49.99, 500: 59.99, 1: 79.99}", "{100: 19.99, 250: 19.99, 500: 29.99, 1: 49.99}", "{100: 49.99, 250: 89.99, 500: 99.99, 1: 119.99}"], "Lat": 36.8510558, "Long": -76.13392075, "cv_normalized": 0.5844155844}, {"median_cv": 12.8, "block_pricing": ["{100: 49.99, 250: 49.99, 500: 59.99, 1: 79.99}", "{100: 19.99, 250: 19.99, 500: 29.99, 1: 49.99}"], "Lat": 36.8490133, "Long": -76.1397429, "cv_normalized": 0.5844155844}, {"median_cv": 8.53, "block_pricing": ["{100: 49.99, 250: 89.99, 500: 99.99, 1: 119.99}"], "Lat": 36.8467208, "Long": -76.1421646, "cv_normalized": 0.3533549784}, {"median_cv": 12.8, "block_pricing": ["{100: 49.99, 250: 49.99, 500: 59.99, 1: 79.99}", "{100: 49.99, 250: 89.99, 500: 99.99, 1: 119.99}", "{100: 19.99, 250: 19.99, 500: 29.99, 1: 49.99}"], "Lat": 36.8473569, "Long": -76.1501578, "cv_normalized": 0.5844155844}, {"median_cv": 12.8, "block_pricing": ["{100: 49.99, 250: 49.99, 500: 59.99, 1: 79.99}", "{100: 19.99, 250: 19.99, 500: 29.99, 1: 49.99}", "{100: 49.99, 250: 89.99, 500: 99.99, 1: 119.99}"], "Lat": 36.8520193, "Long": -76.149771, "cv_normalized": 0.5844155844}, {"median_cv": 12.8, "block_pricing": ["{100: 49.99, 250: 49.99, 500: 59.99, 1: 79.99}", "{100: 49.99, 250: 89.99, 500: 99.99, 1: 119.99}", "{100: 19.99, 250: 19.99, 500: 29.99, 1: 49.99}"], "Lat": 36.9024457, "Long": -76.1532275, "cv_normalized": 0.5844155844}, {"median_cv": 12.8, "block_pricing": ["{100: 49.99, 250: 49.99, 500: 59.99, 1: 79.99}", "{100: 49.99, 250: 89.99, 500: 99.99, 1: 119.99}", "{100: 19.99, 250: 19.99, 500: 29.99, 1: 49.99}"], "Lat": 36.88986095, "Long": -76.1460684, "cv_normalized": 0.5844155844}, {"median_cv": 12.8, "block_pricing": ["{100: 49.99, 250: 49.99, 500: 59.99, 1: 79.99}", "{100: 19.99, 250: 19.99, 500: 29.99, 1: 49.99}", "{100: 49.99, 250: 79.99, 500: 89.99, 1: 109.99}", "{100: 49.99, 250: 89.99, 500: 99.99, 1: 119.99}"], "Lat": 36.8745607, "Long": -76.1446974, "cv_normalized": 0.5844155844}, {"median_cv": 12.8, "block_pricing": ["{100: 49.99, 250: 89.99, 500: 99.99, 1: 119.99}", "{100: 49.99, 250: 49.99, 500: 59.99, 1: 79.99}", "{100: 19.99, 250: 19.99, 500: 29.99, 1: 49.99}", "{100: 49.99, 250: 54.99, 500: 64.99, 1: 84.99}"], "Lat": 36.87840795, "Long": -76.1370089, "cv_normalized": 0.5844155844}, {"median_cv": 12.8, "block_pricing": ["{100: 49.99, 250: 49.99, 500: 59.99, 1: 79.99}", "{100: 19.99, 250: 19.99, 500: 29.99, 1: 49.99}", "{100: 49.99, 250: 89.99, 500: 99.99, 1: 119.99}", "{100: 49.99, 250: 79.99, 500: 89.99, 1: 109.99}"], "Lat": 36.8947597, "Long": -76.1221088, "cv_normalized": 0.5844155844}, {"median_cv": 12.8, "block_pricing": ["{100: 49.99, 250: 49.99, 500: 59.99, 1: 79.99}", "{100: 49.99, 250: 89.99, 500: 99.99, 1: 119.99}", "{100: 19.99, 250: 19.99, 500: 29.99, 1: 49.99}"], "Lat": 36.8929939, "Long": -76.1334669, "cv_normalized": 0.5844155844}, {"median_cv": 12.8, "block_pricing": ["{100: 49.99, 250: 49.99, 500: 59.99, 1: 79.99}", "{100: 19.99, 250: 19.99, 500: 29.99, 1: 49.99}", "{100: 49.99, 250: 89.99, 500: 99.99, 1: 119.99}"], "Lat": 36.8809749, "Long": -76.130662, "cv_normalized": 0.5844155844}, {"median_cv": 12.8, "block_pricing": ["{100: 19.99, 250: 19.99, 500: 29.99, 1: 49.99}", "{100: 49.99, 250: 49.99, 500: 59.99, 1: 79.99}", "{100: 49.99, 250: 89.99, 500: 99.99, 1: 119.99}"], "Lat": 36.85988895, "Long": -76.1237312, "cv_normalized": 0.5844155844}, {"median_cv": 12.8, "block_pricing": ["{100: 49.99, 250: 49.99, 500: 59.99, 1: 79.99}", "{100: 49.99, 250: 89.99, 500: 99.99, 1: 119.99}", "{100: 19.99, 250: 19.99, 500: 29.99, 1: 49.99}"], "Lat": 36.8634504, "Long": -76.12957995, "cv_normalized": 0.5844155844}, {"median_cv": 12.8, "block_pricing": ["{100: 49.99, 250: 49.99, 500: 59.99, 1: 79.99}", "{100: 19.99, 250: 19.99, 500: 29.99, 1: 49.99}", "{100: 49.99, 250: 89.99, 500: 99.99, 1: 119.99}"], "Lat": 36.8714641, "Long": -76.1286981, "cv_normalized": 0.5844155844}, {"median_cv": 12.8, "block_pricing": ["{100: 49.99, 250: 49.99, 500: 59.99, 1: 79.99}", "{100: 19.99, 250: 19.99, 500: 29.99, 1: 49.99}", "{100: 49.99, 250: 89.99, 500: 99.99, 1: 119.99}"], "Lat": 36.86953675, "Long": -76.11808465, "cv_normalized": 0.5844155844}, {"median_cv": 12.8, "block_pricing": ["{100: 49.99, 250: 49.99, 500: 59.99, 1: 79.99}", "{100: 19.99, 250: 19.99, 500: 29.99, 1: 49.99}"], "Lat": 36.91608775, "Long": -76.1339929, "cv_normalized": 0.5844155844}, {"median_cv": 12.8, "block_pricing": ["{100: 49.99, 250: 49.99, 500: 59.99, 1: 79.99}", "{100: 19.99, 250: 19.99, 500: 29.99, 1: 49.99}", "{100: 49.99, 250: 89.99, 500: 99.99, 1: 119.99}"], "Lat": 36.9060027, "Long": -76.1327547, "cv_normalized": 0.5844155844}, {"median_cv": 2.0, "block_pricing": ["{100: 49.99, 250: 0, 500: 20, 1: 40}"], "Lat": 36.9006512, "Long": -76.1414962, "cv_normalized": 0.0}, {"median_cv": 12.8, "block_pricing": ["{100: 49.99, 250: 49.99, 500: 59.99, 1: 79.99}", "{100: 19.99, 250: 19.99, 500: 29.99, 1: 49.99}", "{100: 49.99, 250: 89.99, 500: 99.99, 1: 119.99}"], "Lat": 36.9101216, "Long": -76.1096069, "cv_normalized": 0.5844155844}, {"median_cv": 12.8, "block_pricing": ["{100: 49.99, 250: 49.99, 500: 59.99, 1: 79.99}", "{100: 49.99, 250: 89.99, 500: 99.99, 1: 119.99}"], "Lat": 36.90631595, "Long": -76.1010157, "cv_normalized": 0.5844155844}, {"median_cv": 12.8, "block_pricing": ["{100: 49.99, 250: 49.99, 500: 59.99, 1: 79.99}", "{100: 19.99, 250: 19.99, 500: 29.99, 1: 49.99}"], "Lat": 36.90195925, "Long": -76.12619225, "cv_normalized": 0.5844155844}, {"median_cv": 12.8, "block_pricing": ["{100: 49.99, 250: 49.99, 500: 59.99, 1: 79.99}", "{100: 19.99, 250: 19.99, 500: 29.99, 1: 49.99}", "{100: 49.99, 250: 89.99, 500: 99.99, 1: 119.99}"], "Lat": 36.9141981, "Long": -76.1260438, "cv_normalized": 0.5844155844}, {"median_cv": 12.8, "block_pricing": ["{100: 49.99, 250: 49.99, 500: 59.99, 1: 79.99}", "{100: 19.99, 250: 19.99, 500: 29.99, 1: 49.99}", "{100: 49.99, 250: 89.99, 500: 99.99, 1: 119.99}"], "Lat": 36.8803973, "Long": -76.097659, "cv_normalized": 0.5844155844}, {"median_cv": 12.8, "block_pricing": ["{100: 49.99, 250: 49.99, 500: 59.99, 1: 79.99}"], "Lat": 36.8779637, "Long": -76.08562595, "cv_normalized": 0.5844155844}, {"median_cv": 12.8, "block_pricing": ["{100: 49.99, 250: 49.99, 500: 59.99, 1: 79.99}", "{100: 19.99, 250: 19.99, 500: 29.99, 1: 49.99}", "{100: 49.99, 250: 74.99, 500: 84.99, 1: 104.99}"], "Lat": 36.87225385, "Long": -76.0831944, "cv_normalized": 0.5844155844}, {"median_cv": 12.8, "block_pricing": ["{100: 19.99, 250: 19.99, 500: 29.99, 1: 49.99}", "{100: 49.99, 250: 49.99, 500: 59.99, 1: 79.99}"], "Lat": 36.8662483, "Long": -76.0927377, "cv_normalized": 0.5844155844}, {"median_cv": 12.8, "block_pricing": ["{100: 49.99, 250: 49.99, 500: 59.99, 1: 79.99}", "{100: 49.99, 250: 89.99, 500: 99.99, 1: 119.99}", "{100: 19.99, 250: 19.99, 500: 29.99, 1: 49.99}"], "Lat": 36.85864455, "Long": -76.0950169, "cv_normalized": 0.5844155844}, {"median_cv": 12.8, "block_pricing": ["{100: 49.99, 250: 49.99, 500: 59.99, 1: 79.99}", "{100: 19.99, 250: 19.99, 500: 29.99, 1: 49.99}"], "Lat": 36.8646458, "Long": -76.1047151, "cv_normalized": 0.5844155844}, {"median_cv": 12.8, "block_pricing": ["{100: 49.99, 250: 49.99, 500: 59.99, 1: 79.99}", "{100: 49.99, 250: 89.99, 500: 99.99, 1: 119.99}", "{100: 19.99, 250: 19.99, 500: 29.99, 1: 49.99}"], "Lat": 36.8608542, "Long": -76.0820289, "cv_normalized": 0.5844155844}, {"median_cv": 12.8, "block_pricing": ["{100: 19.99, 250: 19.99, 500: 29.99, 1: 49.99}", "{100: 49.99, 250: 49.99, 500: 59.99, 1: 79.99}", "{100: 49.99, 250: 89.99, 500: 99.99, 1: 119.99}"], "Lat": 36.8501209, "Long": -76.0760567, "cv_normalized": 0.5844155844}, {"median_cv": 12.8, "block_pricing": ["{100: 19.99, 250: 19.99, 500: 29.99, 1: 49.99}", "{100: 49.99, 250: 49.99, 500: 59.99, 1: 79.99}"], "Lat": 36.8457808, "Long": -76.0850375, "cv_normalized": 0.5844155844}, {"median_cv": 12.8, "block_pricing": ["{100: 49.99, 250: 49.99, 500: 59.99, 1: 79.99}", "{100: 19.99, 250: 19.99, 500: 29.99, 1: 49.99}"], "Lat": 36.8501431, "Long": -76.0885306, "cv_normalized": 0.5844155844}, {"median_cv": 12.8, "block_pricing": ["{100: 49.99, 250: 49.99, 500: 59.99, 1: 79.99}", "{100: 19.99, 250: 19.99, 500: 29.99, 1: 49.99}", "{100: 49.99, 250: 89.99, 500: 99.99, 1: 119.99}"], "Lat": 36.85262055, "Long": -76.09643415, "cv_normalized": 0.5844155844}, {"median_cv": 12.8, "block_pricing": ["{100: 49.99, 250: 49.99, 500: 59.99, 1: 79.99}", "{100: 19.99, 250: 19.99, 500: 29.99, 1: 49.99}"], "Lat": 36.84457985, "Long": -76.0945177, "cv_normalized": 0.5844155844}, {"median_cv": 12.8, "block_pricing": ["{100: 49.99, 250: 49.99, 500: 59.99, 1: 79.99}", "{100: 19.99, 250: 19.99, 500: 29.99, 1: 49.99}"], "Lat": 36.8442586, "Long": -76.1059311, "cv_normalized": 0.5844155844}, {"median_cv": 12.8, "block_pricing": ["{100: 49.99, 250: 49.99, 500: 59.99, 1: 79.99}", "{100: 49.99, 250: 89.99, 500: 99.99, 1: 119.99}", "{100: 19.99, 250: 19.99, 500: 29.99, 1: 49.99}"], "Lat": 36.84794565, "Long": -76.1025823, "cv_normalized": 0.5844155844}, {"median_cv": 12.8, "block_pricing": ["{100: 49.99, 250: 49.99, 500: 59.99, 1: 79.99}", "{100: 19.99, 250: 19.99, 500: 29.99, 1: 49.99}", "{100: 49.99, 250: 89.99, 500: 99.99, 1: 119.99}"], "Lat": 36.8448537, "Long": -76.0636192, "cv_normalized": 0.5844155844}, {"median_cv": 12.8, "block_pricing": ["{100: 49.99, 250: 49.99, 500: 59.99, 1: 79.99}", "{100: 49.99, 250: 89.99, 500: 99.99, 1: 119.99}", "{100: 19.99, 250: 19.99, 500: 29.99, 1: 49.99}"], "Lat": 36.839625, "Long": -76.0709471, "cv_normalized": 0.5844155844}, {"median_cv": 12.8, "block_pricing": ["{100: 49.99, 250: 49.99, 500: 59.99, 1: 79.99}", "{100: 19.99, 250: 19.99, 500: 29.99, 1: 49.99}"], "Lat": 36.8348319, "Long": -76.09254905, "cv_normalized": 0.5844155844}, {"median_cv": 12.8, "block_pricing": ["{100: 49.99, 250: 49.99, 500: 59.99, 1: 79.99}", "{100: 19.99, 250: 19.99, 500: 29.99, 1: 49.99}"], "Lat": 36.831606, "Long": -76.0865232, "cv_normalized": 0.5844155844}, {"median_cv": 12.8, "block_pricing": ["{100: 49.99, 250: 49.99, 500: 59.99, 1: 79.99}", "{100: 19.99, 250: 19.99, 500: 29.99, 1: 49.99}", "{100: 49.99, 250: 89.99, 500: 99.99, 1: 119.99}"], "Lat": 36.82503085, "Long": -76.08214995, "cv_normalized": 0.5844155844}, {"median_cv": 12.8, "block_pricing": ["{100: 49.99, 250: 49.99, 500: 59.99, 1: 79.99}", "{100: 19.99, 250: 19.99, 500: 29.99, 1: 49.99}"], "Lat": 36.82190335, "Long": -76.08593185, "cv_normalized": 0.5844155844}, {"median_cv": 12.8, "block_pricing": ["{100: 49.99, 250: 49.99, 500: 59.99, 1: 79.99}", "{100: 19.99, 250: 19.99, 500: 29.99, 1: 49.99}", "{100: 49.99, 250: 89.99, 500: 99.99, 1: 119.99}"], "Lat": 36.8274029, "Long": -76.0917897, "cv_normalized": 0.5844155844}, {"median_cv": 12.8, "block_pricing": ["{100: 49.99, 250: 49.99, 500: 59.99, 1: 79.99}", "{100: 49.99, 250: 89.99, 500: 99.99, 1: 119.99}", "{100: 19.99, 250: 19.99, 500: 29.99, 1: 49.99}", "{100: 49.99, 250: 54.99, 500: 64.99, 1: 84.99}"], "Lat": 36.8354331, "Long": -76.0809604, "cv_normalized": 0.5844155844}, {"median_cv": 12.8, "block_pricing": ["{100: 49.99, 250: 49.99, 500: 59.99, 1: 79.99}"], "Lat": 36.8277878, "Long": -76.0759818, "cv_normalized": 0.5844155844}, {"median_cv": 12.8, "block_pricing": ["{100: 49.99, 250: 49.99, 500: 59.99, 1: 79.99}", "{100: 19.99, 250: 19.99, 500: 29.99, 1: 49.99}"], "Lat": 36.8320853, "Long": -76.0790574, "cv_normalized": 0.5844155844}, {"median_cv": 12.8, "block_pricing": ["{100: 49.99, 250: 49.99, 500: 59.99, 1: 79.99}", "{100: 19.99, 250: 19.99, 500: 29.99, 1: 49.99}", "{100: 49.99, 250: 89.99, 500: 99.99, 1: 119.99}"], "Lat": 36.8904591, "Long": -76.0607295, "cv_normalized": 0.5844155844}, {"median_cv": 12.8, "block_pricing": ["{100: 49.99, 250: 49.99, 500: 59.99, 1: 79.99}", "{100: 19.99, 250: 19.99, 500: 29.99, 1: 49.99}", "{100: 49.99, 250: 89.99, 500: 99.99, 1: 119.99}"], "Lat": 36.89256935, "Long": -76.0462043, "cv_normalized": 0.5844155844}, {"median_cv": 12.8, "block_pricing": ["{100: 49.99, 250: 49.99, 500: 59.99, 1: 79.99}", "{100: 19.99, 250: 19.99, 500: 29.99, 1: 49.99}", "{100: 49.99, 250: 89.99, 500: 99.99, 1: 119.99}"], "Lat": 36.911455, "Long": -76.07329115, "cv_normalized": 0.5844155844}, {"median_cv": 12.8, "block_pricing": ["{100: 49.99, 250: 49.99, 500: 59.99, 1: 79.99}", "{100: 49.99, 250: 89.99, 500: 99.99, 1: 119.99}", "{100: 19.99, 250: 19.99, 500: 29.99, 1: 49.99}"], "Lat": 36.9102425, "Long": -76.08398635, "cv_normalized": 0.5844155844}, {"median_cv": 12.8, "block_pricing": ["{100: 49.99, 250: 49.99, 500: 59.99, 1: 79.99}", "{100: 19.99, 250: 19.99, 500: 29.99, 1: 49.99}", "{100: 49.99, 250: 89.99, 500: 99.99, 1: 119.99}"], "Lat": 36.9072836, "Long": -76.0795221, "cv_normalized": 0.5844155844}, {"median_cv": 12.8, "block_pricing": ["{100: 19.99, 250: 19.99, 500: 29.99, 1: 49.99}", "{100: 49.99, 250: 49.99, 500: 59.99, 1: 79.99}", "{100: 49.99, 250: 89.99, 500: 99.99, 1: 119.99}"], "Lat": 36.9075515, "Long": -76.0608544, "cv_normalized": 0.5844155844}, {"median_cv": 12.8, "block_pricing": ["{100: 49.99, 250: 49.99, 500: 59.99, 1: 79.99}", "{100: 19.99, 250: 19.99, 500: 29.99, 1: 49.99}", "{100: 49.99, 250: 89.99, 500: 99.99, 1: 119.99}"], "Lat": 36.9137693, "Long": -76.06111445, "cv_normalized": 0.5844155844}, {"median_cv": 12.8, "block_pricing": ["{100: 49.99, 250: 49.99, 500: 59.99, 1: 79.99}"], "Lat": 36.8882346, "Long": -75.9903332, "cv_normalized": 0.5844155844}, {"median_cv": 12.8, "block_pricing": ["{100: 49.99, 250: 49.99, 500: 59.99, 1: 79.99}", "{100: 19.99, 250: 19.99, 500: 29.99, 1: 49.99}", "{100: 49.99, 250: 89.99, 500: 99.99, 1: 119.99}"], "Lat": 36.9005956, "Long": -75.9905805, "cv_normalized": 0.5844155844}, {"median_cv": 12.8, "block_pricing": ["{100: 49.99, 250: 49.99, 500: 59.99, 1: 79.99}", "{100: 19.99, 250: 19.99, 500: 29.99, 1: 49.99}", "{100: 49.99, 250: 89.99, 500: 99.99, 1: 119.99}"], "Lat": 36.9013453, "Long": -75.9933689, "cv_normalized": 0.5844155844}, {"median_cv": 12.8, "block_pricing": ["{100: 49.99, 250: 49.99, 500: 59.99, 1: 79.99}", "{100: 49.99, 250: 89.99, 500: 99.99, 1: 119.99}"], "Lat": 36.8835074, "Long": -75.98657225, "cv_normalized": 0.5844155844}, {"median_cv": 12.8, "block_pricing": ["{100: 49.99, 250: 49.99, 500: 59.99, 1: 79.99}", "{100: 49.99, 250: 89.99, 500: 99.99, 1: 119.99}", "{100: 19.99, 250: 19.99, 500: 29.99, 1: 49.99}"], "Lat": 36.8834463, "Long": -75.9924158, "cv_normalized": 0.5844155844}, {"median_cv": 12.8, "block_pricing": ["{100: 49.99, 250: 89.99, 500: 99.99, 1: 119.99}", "{100: 49.99, 250: 49.99, 500: 59.99, 1: 79.99}", "{100: 49.99, 250: 49.99, 500: 59.99, 1: 79.99, 2: 109.99}"], "Lat": 36.87209035, "Long": -75.98166835, "cv_normalized": 0.5844155844}, {"median_cv": 12.8, "block_pricing": ["{100: 49.99, 250: 49.99, 500: 59.99, 1: 79.99}"], "Lat": 36.86939265, "Long": -75.9919317, "cv_normalized": 0.5844155844}, {"median_cv": 12.8, "block_pricing": ["{100: 49.99, 250: 49.99, 500: 59.99, 1: 79.99}", "{100: 49.99, 250: 89.99, 500: 99.99, 1: 119.99}"], "Lat": 36.8705282, "Long": -75.9834301, "cv_normalized": 0.5844155844}, {"median_cv": 12.8, "block_pricing": ["{100: 19.99, 250: 19.99, 500: 29.99, 1: 49.99}", "{100: 49.99, 250: 89.99, 500: 99.99, 1: 119.99}", "{100: 49.99, 250: 49.99, 500: 59.99, 1: 79.99}"], "Lat": 36.8770964, "Long": -76.00237735, "cv_normalized": 0.5844155844}, {"median_cv": 12.8, "block_pricing": ["{100: 49.99, 250: 49.99, 500: 59.99, 1: 79.99}", "{100: 19.99, 250: 19.99, 500: 29.99, 1: 49.99}", "{100: 49.99, 250: 89.99, 500: 99.99, 1: 119.99}"], "Lat": 36.849824, "Long": -75.9910471, "cv_normalized": 0.5844155844}, {"median_cv": 12.8, "block_pricing": ["{100: 49.99, 250: 49.99, 500: 59.99, 1: 79.99}"], "Lat": 36.8536973, "Long": -75.98896975, "cv_normalized": 0.5844155844}, {"median_cv": 12.8, "block_pricing": ["{100: 49.99, 250: 49.99, 500: 59.99, 1: 79.99}", "{100: 49.99, 250: 89.99, 500: 99.99, 1: 119.99}"], "Lat": 36.85168085, "Long": -75.9967672, "cv_normalized": 0.5844155844}, {"median_cv": 12.8, "block_pricing": ["{100: 49.99, 250: 49.99, 500: 59.99, 1: 79.99}", "{100: 49.99, 250: 89.99, 500: 99.99, 1: 119.99}", "{100: 19.99, 250: 19.99, 500: 29.99, 1: 49.99}"], "Lat": 36.83955175, "Long": -75.9773117, "cv_normalized": 0.5844155844}, {"median_cv": 12.8, "block_pricing": ["{100: 49.99, 250: 49.99, 500: 59.99, 1: 79.99}", "{100: 19.99, 250: 19.99, 500: 29.99, 1: 49.99}"], "Lat": 36.8211941, "Long": -75.9701913, "cv_normalized": 0.5844155844}, {"median_cv": 12.8, "block_pricing": ["{100: 49.99, 250: 49.99, 500: 59.99, 1: 79.99}", "{100: 19.99, 250: 19.99, 500: 29.99, 1: 49.99}", "{100: 49.99, 250: 89.99, 500: 99.99, 1: 119.99}"], "Lat": 36.8333796, "Long": -75.9824898, "cv_normalized": 0.5844155844}, {"median_cv": 12.8, "block_pricing": ["{100: 49.99, 250: 49.99, 500: 59.99, 1: 79.99}", "{100: 49.99, 250: 89.99, 500: 99.99, 1: 119.99}", "{100: 19.99, 250: 19.99, 500: 29.99, 1: 49.99}"], "Lat": 36.8393525, "Long": -75.9820444, "cv_normalized": 0.5844155844}, {"median_cv": 12.8, "block_pricing": ["{100: 49.99, 250: 49.99, 500: 59.99, 1: 79.99}", "{100: 49.99, 250: 89.99, 500: 99.99, 1: 119.99}"], "Lat": 36.8346578, "Long": -75.9767962, "cv_normalized": 0.5844155844}, {"median_cv": 12.8, "block_pricing": ["{100: 49.99, 250: 49.99, 500: 59.99, 1: 79.99}", "{100: 19.99, 250: 19.99, 500: 29.99, 1: 49.99}"], "Lat": 36.8494034, "Long": -75.9802025, "cv_normalized": 0.5844155844}, {"median_cv": 12.8, "block_pricing": ["{100: 49.99, 250: 49.99, 500: 59.99, 1: 79.99}", "{100: 19.99, 250: 19.99, 500: 29.99, 1: 49.99}"], "Lat": 36.85369965, "Long": -75.9809114, "cv_normalized": 0.5844155844}, {"median_cv": 12.8, "block_pricing": ["{100: 49.99, 250: 49.99, 500: 59.99, 1: 79.99}", "{100: 19.99, 250: 19.99, 500: 29.99, 1: 49.99}", "{100: 49.99, 250: 89.99, 500: 99.99, 1: 119.99}"], "Lat": 36.8341847, "Long": -75.9939812, "cv_normalized": 0.5844155844}, {"median_cv": 12.8, "block_pricing": ["{100: 49.99, 250: 49.99, 500: 59.99, 1: 79.99}", "{100: 19.99, 250: 19.99, 500: 29.99, 1: 49.99}", "{100: 49.99, 250: 89.99, 500: 99.99, 1: 119.99}"], "Lat": 36.83893635, "Long": -75.9851339, "cv_normalized": 0.5844155844}, {"median_cv": 12.8, "block_pricing": ["{100: 49.99, 250: 49.99, 500: 59.99, 1: 79.99}", "{100: 49.99, 250: 89.99, 500: 99.99, 1: 119.99}", "{100: 19.99, 250: 19.99, 500: 29.99, 1: 49.99}"], "Lat": 36.8361983, "Long": -75.98688745, "cv_normalized": 0.5844155844}, {"median_cv": 12.8, "block_pricing": ["{100: 19.99, 250: 19.99, 500: 29.99, 1: 49.99}", "{100: 49.99, 250: 49.99, 500: 59.99, 1: 79.99}"], "Lat": 36.8438636, "Long": -75.9981686, "cv_normalized": 0.5844155844}, {"median_cv": 12.8, "block_pricing": ["{100: 19.99, 250: 19.99, 500: 29.99, 1: 49.99}", "{100: 49.99, 250: 49.99, 500: 59.99, 1: 79.99}"], "Lat": 36.8658458, "Long": -76.0616265, "cv_normalized": 0.5844155844}, {"median_cv": 12.8, "block_pricing": ["{100: 49.99, 250: 49.99, 500: 59.99, 1: 79.99}", "{100: 49.99, 250: 89.99, 500: 99.99, 1: 119.99}", "{100: 19.99, 250: 19.99, 500: 29.99, 1: 49.99}"], "Lat": 36.8722536, "Long": -76.0479227, "cv_normalized": 0.5844155844}, {"median_cv": 12.8, "block_pricing": ["{100: 49.99, 250: 49.99, 500: 59.99, 1: 79.99}", "{100: 19.99, 250: 19.99, 500: 29.99, 1: 49.99}", "{100: 49.99, 250: 79.99, 500: 89.99, 1: 109.99}"], "Lat": 36.8613093, "Long": -76.0519148, "cv_normalized": 0.5844155844}, {"median_cv": 12.8, "block_pricing": ["{100: 49.99, 250: 49.99, 500: 59.99, 1: 79.99}", "{100: 49.99, 250: 0, 500: 20, 1: 40}", "{100: 49.99, 250: 89.99, 500: 99.99, 1: 119.99}", "{100: 19.99, 250: 19.99, 500: 29.99, 1: 49.99}"], "Lat": 36.8713132, "Long": -76.0363038, "cv_normalized": 0.5844155844}, {"median_cv": 12.8, "block_pricing": ["{100: 49.99, 250: 89.99, 500: 99.99, 1: 119.99}", "{100: 49.99, 250: 49.99, 500: 59.99, 1: 79.99}", "{100: 19.99, 250: 19.99, 500: 29.99, 1: 49.99}"], "Lat": 36.8609147, "Long": -76.0319244, "cv_normalized": 0.5844155844}, {"median_cv": 12.8, "block_pricing": ["{100: 49.99, 250: 49.99, 500: 59.99, 1: 79.99}", "{100: 49.99, 250: 0, 500: 20, 1: 40}", "{100: 19.99, 250: 0, 500: 0, 1: 10}", "{100: 19.99, 250: 19.99, 500: 29.99, 1: 49.99}", "{100: 49.99, 250: 89.99, 500: 99.99, 1: 119.99}"], "Lat": 36.8585361, "Long": -76.0311617, "cv_normalized": 0.5844155844}, {"median_cv": 12.8, "block_pricing": ["{100: 49.99, 250: 49.99, 500: 59.99, 1: 79.99}"], "Lat": 36.86094705, "Long": -76.0434951, "cv_normalized": 0.5844155844}, {"median_cv": 12.8, "block_pricing": ["{100: 49.99, 250: 49.99, 500: 59.99, 1: 79.99}", "{100: 19.99, 250: 19.99, 500: 29.99, 1: 49.99}"], "Lat": 36.8850258, "Long": -76.0284965, "cv_normalized": 0.5844155844}, {"median_cv": 12.8, "block_pricing": ["{100: 19.99, 250: 19.99, 500: 29.99, 1: 49.99}", "{100: 49.99, 250: 49.99, 500: 59.99, 1: 79.99}"], "Lat": 36.87001595, "Long": -76.02478415, "cv_normalized": 0.5844155844}, {"median_cv": 12.8, "block_pricing": ["{100: 49.99, 250: 49.99, 500: 59.99, 1: 79.99}"], "Lat": 36.8593474, "Long": -76.00297315, "cv_normalized": 0.5844155844}, {"median_cv": 12.8, "block_pricing": ["{100: 19.99, 250: 19.99, 500: 29.99, 1: 49.99}", "{100: 49.99, 250: 49.99, 500: 59.99, 1: 79.99}", "{100: 49.99, 250: 89.99, 500: 99.99, 1: 119.99}"], "Lat": 36.8568209, "Long": -76.02071975, "cv_normalized": 0.5844155844}, {"median_cv": 12.8, "block_pricing": ["{100: 49.99, 250: 49.99, 500: 59.99, 1: 79.99}"], "Lat": 36.84969905, "Long": -76.01008645, "cv_normalized": 0.5844155844}, {"median_cv": 12.8, "block_pricing": ["{100: 49.99, 250: 49.99, 500: 59.99, 1: 79.99}", "{100: 49.99, 250: 0, 500: 20, 1: 40}", "{100: 19.99, 250: 19.99, 500: 29.99, 1: 49.99}", "{100: 49.99, 250: 54.99, 500: 64.99, 1: 84.99}"], "Lat": 36.8455838, "Long": -76.0305538, "cv_normalized": 0.5844155844}, {"median_cv": 12.8, "block_pricing": ["{100: 19.99, 250: 19.99, 500: 29.99, 1: 49.99}", "{100: 49.99, 250: 49.99, 500: 59.99, 1: 79.99}"], "Lat": 36.8451305, "Long": -76.0131086, "cv_normalized": 0.5844155844}, {"median_cv": 12.8, "block_pricing": ["{100: 49.99, 250: 49.99, 500: 59.99, 1: 79.99}", "{100: 19.99, 250: 19.99, 500: 29.99, 1: 49.99}", "{100: 49.99, 250: 89.99, 500: 99.99, 1: 119.99}"], "Lat": 36.8415171, "Long": -76.0133839, "cv_normalized": 0.5844155844}, {"median_cv": 12.8, "block_pricing": ["{100: 49.99, 250: 49.99, 500: 59.99, 1: 79.99}", "{100: 19.99, 250: 19.99, 500: 29.99, 1: 49.99}", "{100: 49.99, 250: 89.99, 500: 99.99, 1: 119.99}"], "Lat": 36.84107365, "Long": -76.0280304, "cv_normalized": 0.5844155844}, {"median_cv": 12.8, "block_pricing": ["{100: 19.99, 250: 19.99, 500: 29.99, 1: 49.99}", "{100: 49.99, 250: 49.99, 500: 59.99, 1: 79.99}", "{100: 49.99, 250: 89.99, 500: 99.99, 1: 119.99}"], "Lat": 36.8529341, "Long": -76.0283659, "cv_normalized": 0.5844155844}, {"median_cv": 12.8, "block_pricing": ["{100: 49.99, 250: 89.99, 500: 99.99, 1: 119.99}", "{100: 49.99, 250: 49.99, 500: 59.99, 1: 79.99}", "{100: 19.99, 250: 19.99, 500: 29.99, 1: 49.99}", "{100: 49.99, 250: 79.99, 500: 89.99, 1: 109.99}"], "Lat": 36.8531865, "Long": -76.0399228, "cv_normalized": 0.5844155844}, {"median_cv": 12.8, "block_pricing": ["{100: 49.99, 250: 49.99, 500: 59.99, 1: 79.99}", "{100: 49.99, 250: 89.99, 500: 99.99, 1: 119.99}"], "Lat": 36.8513759, "Long": -76.0432201, "cv_normalized": 0.5844155844}, {"median_cv": 12.8, "block_pricing": ["{100: 49.99, 250: 49.99, 500: 59.99, 1: 79.99}"], "Lat": 36.84701865, "Long": -76.0453133, "cv_normalized": 0.5844155844}, {"median_cv": 12.8, "block_pricing": ["{100: 49.99, 250: 49.99, 500: 59.99, 1: 79.99}", "{100: 19.99, 250: 19.99, 500: 29.99, 1: 49.99}", "{100: 49.99, 250: 89.99, 500: 99.99, 1: 119.99}"], "Lat": 36.8504823, "Long": -76.0579769, "cv_normalized": 0.5844155844}, {"median_cv": 12.8, "block_pricing": ["{100: 49.99, 250: 49.99, 500: 59.99, 1: 79.99}", "{100: 19.99, 250: 19.99, 500: 29.99, 1: 49.99}", "{100: 49.99, 250: 89.99, 500: 99.99, 1: 119.99}"], "Lat": 36.8480375, "Long": -76.0505451, "cv_normalized": 0.5844155844}, {"median_cv": 12.8, "block_pricing": ["{100: 49.99, 250: 49.99, 500: 59.99, 1: 79.99}", "{100: 19.99, 250: 19.99, 500: 29.99, 1: 49.99}", "{100: 49.99, 250: 89.99, 500: 99.99, 1: 119.99}"], "Lat": 36.8455732, "Long": -76.0546706, "cv_normalized": 0.5844155844}, {"median_cv": 2.0, "block_pricing": ["{100: 49.99, 250: 0, 500: 20, 1: 40}", "{100: 49.99, 250: 89.99, 500: 99.99, 1: 119.99}", "{100: 49.99, 250: 49.99, 500: 59.99, 1: 79.99}", "{100: 19.99, 250: 19.99, 500: 29.99, 1: 49.99}", "{100: 19.99, 250: 0, 500: 0, 1: 10}"], "Lat": 36.8085632, "Long": -75.9819919, "cv_normalized": 0.0}, {"median_cv": 12.8, "block_pricing": ["{100: 49.99, 250: 49.99, 500: 59.99, 1: 79.99}"], "Lat": 36.7847226, "Long": -75.9675497, "cv_normalized": 0.5844155844}, {"median_cv": 12.8, "block_pricing": ["{100: 49.99, 250: 49.99, 500: 59.99, 1: 79.99}", "{100: 19.99, 250: 19.99, 500: 29.99, 1: 49.99}"], "Lat": 36.8081092, "Long": -76.0951816, "cv_normalized": 0.5844155844}, {"median_cv": 12.8, "block_pricing": ["{100: 49.99, 250: 49.99, 500: 59.99, 1: 79.99}"], "Lat": 36.8026785, "Long": -76.0918632, "cv_normalized": 0.5844155844}, {"median_cv": 12.8, "block_pricing": ["{100: 49.99, 250: 49.99, 500: 59.99, 1: 79.99}", "{100: 19.99, 250: 19.99, 500: 29.99, 1: 49.99}"], "Lat": 36.7987764, "Long": -76.088621, "cv_normalized": 0.5844155844}, {"median_cv": 12.8, "block_pricing": ["{100: 49.99, 250: 49.99, 500: 59.99, 1: 79.99}", "{100: 19.99, 250: 19.99, 500: 29.99, 1: 49.99}"], "Lat": 36.7978439, "Long": -76.097189, "cv_normalized": 0.5844155844}, {"median_cv": 12.8, "block_pricing": ["{100: 49.99, 250: 49.99, 500: 59.99, 1: 79.99}", "{100: 19.99, 250: 19.99, 500: 29.99, 1: 49.99}"], "Lat": 36.8042033, "Long": -76.0973849, "cv_normalized": 0.5844155844}, {"median_cv": 12.8, "block_pricing": ["{100: 49.99, 250: 49.99, 500: 59.99, 1: 79.99}", "{100: 19.99, 250: 19.99, 500: 29.99, 1: 49.99}", "{100: 49.99, 250: 84.99, 500: 94.99, 1: 114.99}"], "Lat": 36.80155215, "Long": -76.0805825, "cv_normalized": 0.5844155844}, {"median_cv": 12.8, "block_pricing": ["{100: 49.99, 250: 49.99, 500: 59.99, 1: 79.99}", "{100: 19.99, 250: 19.99, 500: 29.99, 1: 49.99}"], "Lat": 36.798368, "Long": -76.0743132, "cv_normalized": 0.5844155844}, {"median_cv": 12.8, "block_pricing": ["{100: 49.99, 250: 49.99, 500: 59.99, 1: 79.99}", "{100: 19.99, 250: 19.99, 500: 29.99, 1: 49.99}"], "Lat": 36.79997375, "Long": -76.07830055, "cv_normalized": 0.5844155844}, {"median_cv": 12.8, "block_pricing": ["{100: 19.99, 250: 19.99, 500: 29.99, 1: 49.99}", "{100: 49.99, 250: 49.99, 500: 59.99, 1: 79.99}", "{100: 49.99, 250: 89.99, 500: 99.99, 1: 119.99}", "{100: 49.99, 250: 79.99, 500: 89.99, 1: 109.99}"], "Lat": 36.7883242, "Long": -76.0886253, "cv_normalized": 0.5844155844}, {"median_cv": 12.8, "block_pricing": ["{100: 49.99, 250: 49.99, 500: 59.99, 1: 79.99}", "{100: 19.99, 250: 19.99, 500: 29.99, 1: 49.99}"], "Lat": 36.79537955, "Long": -76.08720455, "cv_normalized": 0.5844155844}, {"median_cv": 12.8, "block_pricing": ["{100: 49.99, 250: 49.99, 500: 59.99, 1: 79.99}", "{100: 49.99, 250: 89.99, 500: 99.99, 1: 119.99}", "{100: 19.99, 250: 19.99, 500: 29.99, 1: 49.99}"], "Lat": 36.8342231, "Long": -76.053991, "cv_normalized": 0.5844155844}, {"median_cv": 12.8, "block_pricing": ["{100: 49.99, 250: 49.99, 500: 59.99, 1: 79.99}"], "Lat": 36.8091963, "Long": -76.0681228, "cv_normalized": 0.5844155844}, {"median_cv": 12.8, "block_pricing": ["{100: 19.99, 250: 19.99, 500: 29.99, 1: 49.99}", "{100: 49.99, 250: 49.99, 500: 59.99, 1: 79.99}", "{100: 49.99, 250: 89.99, 500: 99.99, 1: 119.99}"], "Lat": 36.8050806, "Long": -76.0734631, "cv_normalized": 0.5844155844}, {"median_cv": 12.8, "block_pricing": ["{100: 49.99, 250: 49.99, 500: 59.99, 1: 79.99}", "{100: 19.99, 250: 19.99, 500: 29.99, 1: 49.99}", "{100: 49.99, 250: 89.99, 500: 99.99, 1: 119.99}"], "Lat": 36.80528745, "Long": -76.06885295, "cv_normalized": 0.5844155844}, {"median_cv": 12.8, "block_pricing": ["{100: 49.99, 250: 49.99, 500: 59.99, 1: 79.99}", "{100: 49.99, 250: 0, 500: 20, 1: 40}", "{100: 19.99, 250: 19.99, 500: 29.99, 1: 49.99}", "{100: 19.99, 250: 0, 500: 0, 1: 10}"], "Lat": 36.796633, "Long": -76.0072122, "cv_normalized": 0.5844155844}, {"median_cv": 12.8, "block_pricing": ["{100: 49.99, 250: 49.99, 500: 59.99, 1: 79.99}"], "Lat": 36.7909696, "Long": -76.00629155, "cv_normalized": 0.5844155844}, {"median_cv": 12.8, "block_pricing": ["{100: 49.99, 250: 49.99, 500: 59.99, 1: 79.99}", "{100: 19.99, 250: 19.99, 500: 29.99, 1: 49.99}"], "Lat": 36.7881354, "Long": -76.0032568, "cv_normalized": 0.5844155844}, {"median_cv": 12.8, "block_pricing": ["{100: 49.99, 250: 49.99, 500: 59.99, 1: 79.99}", "{100: 19.99, 250: 19.99, 500: 29.99, 1: 49.99}"], "Lat": 36.7797205, "Long": -76.0059587, "cv_normalized": 0.5844155844}, {"median_cv": 12.8, "block_pricing": ["{100: 49.99, 250: 49.99, 500: 59.99, 1: 79.99}", "{100: 19.99, 250: 19.99, 500: 29.99, 1: 49.99}", "{100: 49.99, 250: 89.99, 500: 99.99, 1: 119.99}"], "Lat": 36.7241543, "Long": -75.9393798, "cv_normalized": 0.5844155844}, {"median_cv": 12.8, "block_pricing": ["{100: 49.99, 250: 49.99, 500: 59.99, 1: 79.99}", "{100: 19.99, 250: 19.99, 500: 29.99, 1: 49.99}"], "Lat": 36.81710985, "Long": -76.0943611, "cv_normalized": 0.5844155844}, {"median_cv": 12.8, "block_pricing": ["{100: 19.99, 250: 19.99, 500: 29.99, 1: 49.99}", "{100: 49.99, 250: 49.99, 500: 59.99, 1: 79.99}", "{100: 49.99, 250: 0, 500: 20, 1: 40}"], "Lat": 36.81342935, "Long": -76.0859466, "cv_normalized": 0.5844155844}, {"median_cv": 12.8, "block_pricing": ["{100: 49.99, 250: 49.99, 500: 59.99, 1: 79.99}", "{100: 19.99, 250: 0, 500: 0, 1: 10}", "{100: 19.99, 250: 19.99, 500: 29.99, 1: 49.99}", "{100: 49.99, 250: 0, 500: 20, 1: 40}"], "Lat": 36.8077609, "Long": -76.0850169, "cv_normalized": 0.5844155844}, {"median_cv": 12.8, "block_pricing": ["{100: 49.99, 250: 49.99, 500: 59.99, 1: 79.99}", "{100: 19.99, 250: 19.99, 500: 29.99, 1: 49.99}", "{100: 49.99, 250: 89.99, 500: 99.99, 1: 119.99}"], "Lat": 36.8097121, "Long": -76.0903043, "cv_normalized": 0.5844155844}, {"median_cv": 12.8, "block_pricing": ["{100: 49.99, 250: 49.99, 500: 59.99, 1: 79.99}", "{100: 19.99, 250: 19.99, 500: 29.99, 1: 49.99}"], "Lat": 36.8141713, "Long": -76.0775144, "cv_normalized": 0.5844155844}, {"median_cv": 12.8, "block_pricing": ["{100: 49.99, 250: 49.99, 500: 59.99, 1: 79.99}", "{100: 19.99, 250: 19.99, 500: 29.99, 1: 49.99}", "{100: 49.99, 250: 89.99, 500: 99.99, 1: 119.99}"], "Lat": 36.81056, "Long": -76.0794518, "cv_normalized": 0.5844155844}, {"median_cv": 12.8, "block_pricing": ["{100: 49.99, 250: 49.99, 500: 59.99, 1: 79.99}", "{100: 49.99, 250: 89.99, 500: 99.99, 1: 119.99}", "{100: 19.99, 250: 19.99, 500: 29.99, 1: 49.99}"], "Lat": 36.7770845, "Long": -76.0513222, "cv_normalized": 0.5844155844}, {"median_cv": 12.8, "block_pricing": ["{100: 49.99, 250: 49.99, 500: 59.99, 1: 79.99}", "{100: 49.99, 250: 89.99, 500: 99.99, 1: 119.99}"], "Lat": 36.773212, "Long": -76.0390429, "cv_normalized": 0.5844155844}, {"median_cv": 12.8, "block_pricing": ["{100: 49.99, 250: 49.99, 500: 59.99, 1: 79.99}", "{100: 49.99, 250: 89.99, 500: 99.99, 1: 119.99}", "{100: 19.99, 250: 19.99, 500: 29.99, 1: 49.99}"], "Lat": 36.7680733, "Long": -76.0254218, "cv_normalized": 0.5844155844}, {"median_cv": 12.8, "block_pricing": ["{100: 49.99, 250: 49.99, 500: 59.99, 1: 79.99}", "{100: 49.99, 250: 89.99, 500: 99.99, 1: 119.99}", "{100: 19.99, 250: 19.99, 500: 29.99, 1: 49.99}"], "Lat": 36.7620196, "Long": -76.0294658, "cv_normalized": 0.5844155844}, {"median_cv": 12.8, "block_pricing": ["{100: 49.99, 250: 49.99, 500: 59.99, 1: 79.99}", "{100: 19.99, 250: 19.99, 500: 29.99, 1: 49.99}"], "Lat": 36.7563403, "Long": -76.0008934, "cv_normalized": 0.5844155844}, {"median_cv": 12.8, "block_pricing": ["{100: 19.99, 250: 19.99, 500: 29.99, 1: 49.99}", "{100: 49.99, 250: 49.99, 500: 59.99, 1: 79.99}", "{100: 49.99, 250: 89.99, 500: 99.99, 1: 119.99}"], "Lat": 36.7522236, "Long": -76.00445845, "cv_normalized": 0.5844155844}, {"median_cv": 12.8, "block_pricing": ["{100: 49.99, 250: 49.99, 500: 59.99, 1: 79.99}", "{100: 49.99, 250: 89.99, 500: 99.99, 1: 119.99}", "{100: 19.99, 250: 19.99, 500: 29.99, 1: 49.99}"], "Lat": 36.7464358, "Long": -75.9863697, "cv_normalized": 0.5844155844}, {"median_cv": 12.8, "block_pricing": ["{100: 49.99, 250: 89.99, 500: 99.99, 1: 119.99}", "{100: 49.99, 250: 49.99, 500: 59.99, 1: 79.99}"], "Lat": 36.760001, "Long": -76.0501744, "cv_normalized": 0.5844155844}, {"median_cv": 12.8, "block_pricing": ["{100: 49.99, 250